name    head
spatial_sampling    taxel
taxel2Repr ( 3 3 3 3 3 3 -2 3 3 3 -2 3 15 15 15 15 15 15 -2 15 15 15 -2 15 27 27 27 27 27 27 -2 27 27 27 -2 27 39 39 39 39 39 39 -2 39 39 39 -2 39 51 51 51 51 51 51 -2 51 51 51 -2 51 63 63 63 63 63 63 -2 63 63 63 -2 63 75 75 75 75 75 75 -2 75 75 75 -2 75 87 87 87 87 87 87 -2 87 87 87 -2 87 99 99 99 99 99 99 -2 99 99 99 -2 99 -1 -1 -1 -1 -1 -1 -1 -1 -1 -1 -1 -1 -1 -1 -1 -1 -1 -1 -1 -1 -1 -1 -1 -1 -1 -1 -1 -1 -1 -1 -1 -1 -1 -1 -1 -1 147 147 147 147 147 147 -2 147 147 147 -2 147 159 159 159 159 159 159 -2 159 159 159 -2 159 -1 -1 -1 -1 -1 -1 -1 -1 -1 -1 -1 -1 183 183 183 183 183 183 -2 183 183 183 -2 183 195 195 195 195 195 195 -2 195 195 195 -2 195 207 207 207 207 207 207 -2 207 207 207 -2 207 219 219 219 219 219 219 -2 219 219 219 -2 219 231 231 231 231 231 231 -2 231 231 231 -2 231 243 243 243 243 243 243 -2 243 243 243 -2 243 255 255 255 255 255 255 -2 255 255 255 -2 255 267 267 267 267 267 267 -2 267 267 267 -2 267 279 279 279 279 279 279 -2 279 279 279 -2 279 291 291 291 291 291 291 -2 291 291 291 -2 291 -1 -1 -1 -1 -1 -1 -1 -1 -1 -1 -1 -1 -1 -1 -1 -1 -1 -1 -1 -1 -1 -1 -1 -1 -1 -1 -1 -1 -1 -1 -1 -1 -1 -1 -1 -1 339 339 339 339 339 339 -2 339 339 339 -2 339 351 351 351 351 351 351 -2 351 351 351 -2 351 -1 -1 -1 -1 -1 -1 -1 -1 -1 -1 -1 -1 375 375 375 375 375 375 -2 375 375 375 -2 375 )
[calibration]
0.053015871369 0.005593066054 0.008350533522 0.860040732891 0.238263246535 -0.451176864566
0.051879763591 0.007723624420 0.002406673963 0.860040732891 0.238263246535 -0.451176864566
0.056224091744 0.002987054075 0.003491037201 0.860040732891 0.238263246535 -0.451176864566
0.057496266814 0.000897137360 0.009521115164 0.860040732891 0.238263246535 -0.451176864566
0.060375232397 -0.001895764811 0.004369472305 0.860040732891 0.238263246535 -0.451176864566
0.064249719013 -0.006957765288 0.005423717666 0.860040732891 0.238263246535 -0.451176864566
0.000000000000 0.000000000000 0.000000000000 0.000000000000 0.000000000000 0.000000000000
0.061402145465 -0.004010689339 0.010542326299 0.860040732891 0.238263246535 -0.451176864566
0.058322968792 -0.001480924411 0.015613661278 0.860040732891 0.238263246535 -0.451176864566
0.054606822942 0.000866170477 0.020503530397 0.860040732891 0.238263246535 -0.451176864566
0.000000000000 0.000000000000 0.000000000000 0.000000000000 0.000000000000 0.000000000000
0.053782133681 0.003423069246 0.014400121821 0.860040732891 0.238263246535 -0.451176864566
0.059301023968 -0.008467752198 0.025868849649 0.895015152973 0.384471962975 -0.226117636717
0.056595842182 -0.002797867152 0.024090208600 0.895015152973 0.384471962975 -0.226117636717
0.060884642634 -0.005811358579 0.020249380082 0.895015152973 0.384471962975 -0.226117636717
0.063237731327 -0.011602579924 0.021719009073 0.895015152973 0.384471962975 -0.226117636717
0.064300900939 -0.009136585487 0.015879677782 0.895015152973 0.384471962975 -0.226117636717
0.067300561397 -0.012744381088 0.011315008108 0.895015152973 0.384471962975 -0.226117636717
0.000000000000 0.000000000000 0.000000000000 0.000000000000 0.000000000000 0.000000000000
0.066642972327 -0.015045089999 0.017421067630 0.895015152973 0.384471962975 -0.226117636717
0.065383213254 -0.017552108200 0.023233557645 0.895015152973 0.384471962975 -0.226117636717
0.063812649375 -0.020376030577 0.028809750189 0.895015152973 0.384471962975 -0.226117636717
0.000000000000 0.000000000000 0.000000000000 0.000000000000 0.000000000000 0.000000000000
0.061706383311 -0.014387447480 0.027437316616 0.895015152973 0.384471962975 -0.226117636717
0.050434344100 -0.005635439524 0.036086929226 0.833574136094 0.469471562787 -0.291119582594
0.052095671309 -0.003072824853 0.030568634240 0.833574136094 0.469471562787 -0.291119582594
0.054949332431 -0.008415796391 0.032545239455 0.833574136094 0.469471562787 -0.291119582594
0.053355465469 -0.011160776885 0.038074432753 0.833574136094 0.469471562787 -0.291119582594
0.057608558776 -0.014027655019 0.034304370310 0.833574136094 0.469471562787 -0.291119582594
0.059970013381 -0.019768192227 0.036106916584 0.833574136094 0.469471562787 -0.291119582594
0.000000000000 0.000000000000 0.000000000000 0.000000000000 0.000000000000 0.000000000000
0.055872394134 -0.016612226883 0.040054243229 0.833574136094 0.469471562787 -0.291119582594
0.051728183476 -0.013610117317 0.043989352167 0.833574136094 0.469471562787 -0.291119582594
0.047510264998 -0.010690697063 0.047702188710 0.833574136094 0.469471562787 -0.291119582594
0.000000000000 0.000000000000 0.000000000000 0.000000000000 0.000000000000 0.000000000000
0.048873656777 -0.008129696724 0.041917063165 0.833574136094 0.469471562787 -0.291119582594
0.050589466210 -0.022256413209 0.054925698911 0.881297508699 0.469471562786 -0.053955100741
0.048350446716 -0.016361089554 0.053259144302 0.881297508699 0.469471562786 -0.053955100741
0.052434601831 -0.019509088520 0.049311651059 0.881297508699 0.469471562786 -0.053955100741
0.054268325703 -0.025615140800 0.050709621400 0.881297508699 0.469471562786 -0.053955100741
0.056215412853 -0.022872215772 0.045053416153 0.881297508699 0.469471562786 -0.053955100741
0.059684145555 -0.026236104245 0.040808800331 0.881297508699 0.469471562786 -0.053955100741
0.000000000000 0.000000000000 0.000000000000 0.000000000000 0.000000000000 0.000000000000
0.057736628998 -0.029072032384 0.046389289992 0.881297508699 0.469471562786 -0.053955100741
0.055736188110 -0.031841092181 0.051897497413 0.881297508699 0.469471562786 -0.053955100741
0.053402243144 -0.034734008549 0.057223924019 0.881297508699 0.469471562786 -0.053955100741
0.000000000000 0.000000000000 0.000000000000 0.000000000000 0.000000000000 0.000000000000
0.052181289170 -0.028392187225 0.056216484377 0.881297508699 0.469471562786 -0.053955100741
0.057816273635 -0.045277196150 0.050263377261 0.842066060185 0.469471562785 0.265558283660
0.055247485571 -0.041405576670 0.054833803016 0.842066060185 0.469471562785 0.265558283660
0.057904286830 -0.038792607760 0.049456130057 0.842066060185 0.469471562785 0.265558283660
0.060360123970 -0.042592428158 0.044960320689 0.842066060185 0.469471562785 0.265558283660
0.060453065349 -0.036216526434 0.044038458565 0.842066060185 0.469471562785 0.265558283660
0.063007286323 -0.033660723694 0.038560237782 0.842066060185 0.469471562785 0.265558283660
0.000000000000 0.000000000000 0.000000000000 0.000000000000 0.000000000000 0.000000000000
0.063086896136 -0.040112452635 0.039570812037 0.842066060185 0.469471562785 0.265558283660
0.062762888742 -0.046520878090 0.040223041390 0.842066060185 0.469471562785 0.265558283660
0.062141752932 -0.052903515337 0.040691068016 0.842066060185 0.469471562785 0.265558283660
0.000000000000 0.000000000000 0.000000000000 0.000000000000 0.000000000000 0.000000000000
0.060049714454 -0.049076510306 0.045530109310 0.842066060185 0.469471562785 0.265558283660
0.051686281739 -0.053727834525 0.059356716708 0.690902925518 0.469471562786 0.549772315823
0.052993893488 -0.047452141991 0.058933138160 0.690902925518 0.469471562786 0.549772315823
0.055221031939 -0.051443825306 0.054372713932 0.690902925518 0.469471562786 0.549772315823
0.053543859650 -0.057673591146 0.054462485746 0.690902925518 0.469471562786 0.549772315823
0.057080129730 -0.055389875584 0.049528851761 0.690902925518 0.469471562786 0.549772315823
0.058500742434 -0.059346984765 0.044483914435 0.690902925518 0.469471562786 0.549772315823
0.000000000000 0.000000000000 0.000000000000 0.000000000000 0.000000000000 0.000000000000
0.054802313195 -0.061533862029 0.049294341892 0.690902925518 0.469471562786 0.549772315823
0.051019874372 -0.063632616396 0.054184977301 0.690902925518 0.469471562786 0.549772315823
0.046752820949 -0.065680451743 0.058578886085 0.690902925518 0.469471562786 0.549772315823
0.000000000000 0.000000000000 0.000000000000 0.000000000000 0.000000000000 0.000000000000
0.049818980440 -0.059911929674 0.059388388631 0.690902925518 0.469471562786 0.549772315823
0.045927043727 -0.075603139490 0.048542598634 0.515758124261 0.469471562787 0.716651944107
0.044980442340 -0.072127498304 0.054002501306 0.515758124261 0.469471562787 0.716651944107
0.049571572781 -0.070215224769 0.049712557880 0.515758124261 0.469471562787 0.716651944107
0.050591901851 -0.073616669749 0.044669668150 0.515758124261 0.469471562787 0.716651944107
0.053764945430 -0.068322241529 0.045323221098 0.515758124261 0.469471562787 0.716651944107
0.057951575530 -0.066274498747 0.040717793096 0.515758124261 0.469471562787 0.716651944107
0.000000000000 0.000000000000 0.000000000000 0.000000000000 0.000000000000 0.000000000000
0.054892223764 -0.071992118211 0.039968756419 0.515758124261 0.469471562787 0.716651944107
0.051505025656 -0.077312974794 0.039203217231 0.515758124261 0.469471562787 0.716651944107
0.047933738441 -0.082515194231 0.038003563231 0.515758124261 0.469471562787 0.716651944107
0.000000000000 0.000000000000 0.000000000000 0.000000000000 0.000000000000 0.000000000000
0.046960854680 -0.079019871528 0.043490964277 0.515758124261 0.469471562787 0.716651944107
0.056238405873 -0.082240190398 0.026815899658 0.603373416038 0.384471962974 0.698657162351
0.051771259796 -0.084114279230 0.030964150374 0.603373416038 0.384471962974 0.698657162351
0.055450749346 -0.078678059274 0.032327830244 0.603373416038 0.384471962974 0.698657162351
0.059525508544 -0.076588794589 0.027710494051 0.603373416038 0.384471962974 0.698657162351
0.058500799668 -0.073296927791 0.032858042143 0.603373416038 0.384471962974 0.698657162351
0.061380744419 -0.067340406213 0.033584594993 0.603373416038 0.384471962974 0.698657162351
0.000000000000 0.000000000000 0.000000000000 0.000000000000 0.000000000000 0.000000000000
0.062574622229 -0.071047941307 0.028402525163 0.603373416038 0.384471962974 0.698657162351
0.063585595432 -0.074437803946 0.022919747774 0.603373416038 0.384471962974 0.698657162351
0.063982830129 -0.077734652983 0.017144100776 0.603373416038 0.384471962974 0.698657162351
0.000000000000 0.000000000000 0.000000000000 0.000000000000 0.000000000000 0.000000000000
0.060142469004 -0.080121144571 0.021912147564 0.603373416038 0.384471962974 0.698657162351
0.068065659377 -0.063548613016 0.023442681613 0.969817309059 0.240147115584 0.042234463731
0.066728282980 -0.060035762568 0.028706162786 0.969817309059 0.240147115584 0.042234463731
0.069684143803 -0.057240817484 0.023472825274 0.969817309059 0.240147115584 0.042234463731
0.070698396511 -0.060629000322 0.018143172108 0.969817309059 0.240147115584 0.042234463731
0.072185982367 -0.054400456045 0.018203208470 0.969817309059 0.240147115584 0.042234463731
0.074201085728 -0.051450934485 0.012748510167 0.969817309059 0.240147115584 0.042234463731
0.000000000000 0.000000000000 0.000000000000 0.000000000000 0.000000000000 0.000000000000
0.073006437033 -0.057777288610 0.012736018261 0.969817309059 0.240147115584 0.042234463731
0.071322330460 -0.064000878319 0.012600407917 0.969817309059 0.240147115584 0.042234463731
0.069327533416 -0.070193701250 0.012382997213 0.969817309059 0.240147115584 0.042234463731
0.000000000000 0.000000000000 0.000000000000 0.000000000000 0.000000000000 0.000000000000
0.068971047774 -0.066926303670 0.017913848789 0.969817309059 0.240147115584 0.042234463731
0.000000000000 0.000000000000 0.000000000000 0.000000000000 0.000000000000 0.000000000000
0.000000000000 0.000000000000 0.000000000000 0.000000000000 0.000000000000 0.000000000000
0.000000000000 0.000000000000 0.000000000000 0.000000000000 0.000000000000 0.000000000000
0.000000000000 0.000000000000 0.000000000000 0.000000000000 0.000000000000 0.000000000000
0.000000000000 0.000000000000 0.000000000000 0.000000000000 0.000000000000 0.000000000000
0.000000000000 0.000000000000 0.000000000000 0.000000000000 0.000000000000 0.000000000000
0.000000000000 0.000000000000 0.000000000000 0.000000000000 0.000000000000 0.000000000000
0.000000000000 0.000000000000 0.000000000000 0.000000000000 0.000000000000 0.000000000000
0.000000000000 0.000000000000 0.000000000000 0.000000000000 0.000000000000 0.000000000000
0.000000000000 0.000000000000 0.000000000000 0.000000000000 0.000000000000 0.000000000000
0.000000000000 0.000000000000 0.000000000000 0.000000000000 0.000000000000 0.000000000000
0.000000000000 0.000000000000 0.000000000000 0.000000000000 0.000000000000 0.000000000000
0.000000000000 0.000000000000 0.000000000000 0.000000000000 0.000000000000 0.000000000000
0.000000000000 0.000000000000 0.000000000000 0.000000000000 0.000000000000 0.000000000000
0.000000000000 0.000000000000 0.000000000000 0.000000000000 0.000000000000 0.000000000000
0.000000000000 0.000000000000 0.000000000000 0.000000000000 0.000000000000 0.000000000000
0.000000000000 0.000000000000 0.000000000000 0.000000000000 0.000000000000 0.000000000000
0.000000000000 0.000000000000 0.000000000000 0.000000000000 0.000000000000 0.000000000000
0.000000000000 0.000000000000 0.000000000000 0.000000000000 0.000000000000 0.000000000000
0.000000000000 0.000000000000 0.000000000000 0.000000000000 0.000000000000 0.000000000000
0.000000000000 0.000000000000 0.000000000000 0.000000000000 0.000000000000 0.000000000000
0.000000000000 0.000000000000 0.000000000000 0.000000000000 0.000000000000 0.000000000000
0.000000000000 0.000000000000 0.000000000000 0.000000000000 0.000000000000 0.000000000000
0.000000000000 0.000000000000 0.000000000000 0.000000000000 0.000000000000 0.000000000000
0.000000000000 0.000000000000 0.000000000000 0.000000000000 0.000000000000 0.000000000000
0.000000000000 0.000000000000 0.000000000000 0.000000000000 0.000000000000 0.000000000000
0.000000000000 0.000000000000 0.000000000000 0.000000000000 0.000000000000 0.000000000000
0.000000000000 0.000000000000 0.000000000000 0.000000000000 0.000000000000 0.000000000000
0.000000000000 0.000000000000 0.000000000000 0.000000000000 0.000000000000 0.000000000000
0.000000000000 0.000000000000 0.000000000000 0.000000000000 0.000000000000 0.000000000000
0.000000000000 0.000000000000 0.000000000000 0.000000000000 0.000000000000 0.000000000000
0.000000000000 0.000000000000 0.000000000000 0.000000000000 0.000000000000 0.000000000000
0.000000000000 0.000000000000 0.000000000000 0.000000000000 0.000000000000 0.000000000000
0.000000000000 0.000000000000 0.000000000000 0.000000000000 0.000000000000 0.000000000000
0.000000000000 0.000000000000 0.000000000000 0.000000000000 0.000000000000 0.000000000000
0.000000000000 0.000000000000 0.000000000000 0.000000000000 0.000000000000 0.000000000000
0.070369938998 -0.030691517644 0.022005712188 0.879140549983 0.387613431916 0.277250285435
0.067530289147 -0.027166201561 0.026641818149 0.879140549983 0.387613431916 0.277250285435
0.068999412984 -0.024424800427 0.020901954610 0.879140549983 0.387613431916 0.277250285435
0.071428816398 -0.027998148936 0.016106652209 0.879140549983 0.387613431916 0.277250285435
0.069978875014 -0.021743047982 0.015119265005 0.879140549983 0.387613431916 0.277250285435
0.070332989989 -0.019193978171 0.009060079218 0.879140549983 0.387613431916 0.277250285435
0.000000000000 0.000000000000 0.000000000000 0.000000000000 0.000000000000 0.000000000000
0.072141946629 -0.025510936477 0.010135600086 0.879140549983 0.387613431916 0.277250285435
0.073447367802 -0.031777019494 0.011181160021 0.879140549983 0.387613431916 0.277250285435
0.074308597991 -0.038118564628 0.011965074378 0.879140549983 0.387613431916 0.277250285435
0.000000000000 0.000000000000 0.000000000000 0.000000000000 0.000000000000 0.000000000000
0.072648105712 -0.034297353189 0.017049407022 0.879140549983 0.387613431916 0.277250285435
0.067279600351 -0.040137181035 0.031796718314 0.818589549934 0.240147115584 0.521766721452
0.066927407288 -0.033667901447 0.031088970247 0.818589549934 0.240147115584 0.521766721452
0.069631897123 -0.037304462868 0.026501422904 0.818589549934 0.240147115584 0.521766721452
0.069615731782 -0.043693623423 0.026977085915 0.818589549934 0.240147115584 0.521766721452
0.071934804038 -0.040778344397 0.021561686824 0.818589549934 0.240147115584 0.521766721452
0.073679099958 -0.044559948828 0.016377626952 0.818589549934 0.240147115584 0.521766721452
0.000000000000 0.000000000000 0.000000000000 0.000000000000 0.000000000000 0.000000000000
0.071682004332 -0.047341486972 0.021869500025 0.818589549934 0.240147115584 0.521766721452
0.069230336198 -0.050156058259 0.027340557603 0.818589549934 0.240147115584 0.521766721452
0.066341363850 -0.053153785893 0.032312914556 0.818589549934 0.240147115584 0.521766721452
0.000000000000 0.000000000000 0.000000000000 0.000000000000 0.000000000000 0.000000000000
0.067057347240 -0.046568788897 0.032199983845 0.818589549934 0.240147115584 0.521766721452
0.000000000000 0.000000000000 0.000000000000 0.000000000000 0.000000000000 0.000000000000
0.000000000000 0.000000000000 0.000000000000 0.000000000000 0.000000000000 0.000000000000
0.000000000000 0.000000000000 0.000000000000 0.000000000000 0.000000000000 0.000000000000
0.000000000000 0.000000000000 0.000000000000 0.000000000000 0.000000000000 0.000000000000
0.000000000000 0.000000000000 0.000000000000 0.000000000000 0.000000000000 0.000000000000
0.000000000000 0.000000000000 0.000000000000 0.000000000000 0.000000000000 0.000000000000
0.000000000000 0.000000000000 0.000000000000 0.000000000000 0.000000000000 0.000000000000
0.000000000000 0.000000000000 0.000000000000 0.000000000000 0.000000000000 0.000000000000
0.000000000000 0.000000000000 0.000000000000 0.000000000000 0.000000000000 0.000000000000
0.000000000000 0.000000000000 0.000000000000 0.000000000000 0.000000000000 0.000000000000
0.000000000000 0.000000000000 0.000000000000 0.000000000000 0.000000000000 0.000000000000
0.000000000000 0.000000000000 0.000000000000 0.000000000000 0.000000000000 0.000000000000
0.049420191721 -0.092410951181 0.020595813833 0.445615547897 0.238263246537 0.862935344520
0.049165654916 -0.089647596053 0.026272840455 0.445615547897 0.238263246537 0.862935344520
0.053490910165 -0.087816034983 0.021621478777 0.445615547897 0.238263246537 0.862935344520
0.053644449275 -0.090239614627 0.015975096090 0.445615547897 0.238263246537 0.862935344520
0.057538268359 -0.085800561288 0.016796261588 0.445615547897 0.238263246537 0.862935344520
0.061179357151 -0.083405869356 0.012350088441 0.445615547897 0.238263246537 0.862935344520
0.000000000000 0.000000000000 0.000000000000 0.000000000000 0.000000000000 0.000000000000
0.057273236228 -0.088248825196 0.011250570766 0.445615547897 0.238263246537 0.862935344520
0.053266956554 -0.092915103530 0.010074245868 0.445615547897 0.238263246537 0.862935344520
0.048524859791 -0.097073566411 0.008631594412 0.445615547897 0.238263246537 0.862935344520
0.000000000000 0.000000000000 0.000000000000 0.000000000000 0.000000000000 0.000000000000
0.049096401464 -0.095074487399 0.014633445834 0.445615547897 0.238263246537 0.862935344520
0.048190715852 -0.096509396301 -0.010048064304 0.445615547897 -0.238263246537 0.862935344520
0.046852925299 -0.098192554348 -0.004063601545 0.445615547897 -0.238263246537 0.862935344520
0.051631300828 -0.094624847863 -0.004971405522 0.445615547897 -0.238263246537 0.862935344520
0.052707987266 -0.092142923638 -0.010740984793 0.445615547897 -0.238263246537 0.862935344520
0.056029930973 -0.090178326077 -0.006135961304 0.445615547897 -0.238263246537 0.862935344520
0.060105784427 -0.085530459930 -0.007064379815 0.445615547897 -0.238263246537 0.862935344520
0.000000000000 0.000000000000 0.000000000000 0.000000000000 0.000000000000 0.000000000000
0.056972388619 -0.087742011740 -0.011896885582 0.445615547897 -0.238263246537 0.862935344520
0.053305241174 -0.089778724908 -0.016854472786 0.445615547897 -0.238263246537 0.862935344520
0.048575855473 -0.091242938366 -0.021396082259 0.445615547897 -0.238263246537 0.862935344520
0.000000000000 0.000000000000 0.000000000000 0.000000000000 0.000000000000 0.000000000000
0.048673254724 -0.094139527269 -0.015887635413 0.445615547897 -0.238263246537 0.862935344520
0.056270642855 -0.080325268416 -0.027502621157 0.603373416038 -0.384471962974 0.698657162351
0.052356517427 -0.085716358051 -0.026416839966 0.603373416038 -0.384471962974 0.698657162351
0.056634902190 -0.084007420552 -0.021739335177 0.603373416038 -0.384471962974 0.698657162351
0.060287663004 -0.078526701073 -0.022675752354 0.603373416038 -0.384471962974 0.698657162351
0.060364994269 -0.081897914721 -0.016996063306 0.603373416038 -0.384471962974 0.698657162351
0.063803082347 -0.079682136049 -0.011914747956 0.603373416038 -0.384471962974 0.698657162351
0.000000000000 0.000000000000 0.000000000000 0.000000000000 0.000000000000 0.000000000000
0.063813811723 -0.076466594628 -0.017648059373 0.603373416038 -0.384471962974 0.698657162351
0.063315630373 -0.073034247661 -0.023205368513 0.603373416038 -0.384471962974 0.698657162351
0.062528840774 -0.069139518043 -0.028500569566 0.603373416038 -0.384471962974 0.698657162351
0.000000000000 0.000000000000 0.000000000000 0.000000000000 0.000000000000 0.000000000000
0.059494849367 -0.075121484652 -0.027902930282 0.603373416038 -0.384471962974 0.698657162351
0.048024146321 -0.081681550187 -0.038266585476 0.515758124261 -0.469471562787 0.716651944107
0.048886937984 -0.084863990996 -0.032437426471 0.515758124261 -0.469471562787 0.716651944107
0.052765896412 -0.079566881223 -0.034262115538 0.515758124261 -0.469471562787 0.716651944107
0.051399240292 -0.076335960085 -0.039533886812 0.515758124261 -0.469471562787 0.716651944107
0.055688925480 -0.074182272080 -0.035276136943 0.515758124261 -0.469471562787 0.716651944107
0.058274349537 -0.068461773697 -0.035965605542 0.515758124261 -0.469471562787 0.716651944107
0.000000000000 0.000000000000 0.000000000000 0.000000000000 0.000000000000 0.000000000000
0.054357737793 -0.070809644119 -0.040638493650 0.515758124261 -0.469471562787 0.716651944107
0.050110772662 -0.073137417382 -0.044973808207 0.515758124261 -0.469471562787 0.716651944107
0.045684957575 -0.075276634244 -0.049255885665 0.515758124261 -0.469471562787 0.716651944107
0.000000000000 0.000000000000 0.000000000000 0.000000000000 0.000000000000 0.000000000000
0.046734272667 -0.078641370982 -0.043617248395 0.515758124261 -0.469471562787 0.716651944107
0.049852237435 -0.063184637255 -0.054850425059 0.690902925518 -0.469471562786 0.549772315823
0.047203852933 -0.069107750766 -0.053927099009 0.690902925518 -0.469471562786 0.549772315823
0.051267792530 -0.066511345946 -0.049549837617 0.690902925518 -0.469471562786 0.549772315823
0.053749975265 -0.060674666517 -0.050357963477 0.690902925518 -0.469471562786 0.549772315823
0.055074799206 -0.064141109810 -0.044907694220 0.690902925518 -0.469471562786 0.549772315823
0.058982364805 -0.061433189633 -0.040145453359 0.690902925518 -0.469471562786 0.549772315823
0.000000000000 0.000000000000 0.000000000000 0.000000000000 0.000000000000 0.000000000000
0.057298712585 -0.057971304413 -0.045614190387 0.690902925518 -0.469471562786 0.549772315823
0.055615562825 -0.054507387541 -0.050772430800 0.690902925518 -0.469471562786 0.549772315823
0.053195419136 -0.050652279731 -0.055522183072 0.690902925518 -0.469471562786 0.549772315823
0.000000000000 0.000000000000 0.000000000000 0.000000000000 0.000000000000 0.000000000000
0.051924334013 -0.057214822326 -0.055507676832 0.690902925518 -0.469471562786 0.549772315823
0.057941140574 -0.041575835903 -0.047623399168 0.842066060185 -0.469471562785 0.265558283660
0.054985264718 -0.044962302971 -0.052398961771 0.842066060185 -0.469471562785 0.265558283660
0.057852058276 -0.048095308462 -0.047439458080 0.842066060185 -0.469471562785 0.265558283660
0.060662484829 -0.044746249397 -0.042644380061 0.842066060185 -0.469471562785 0.265558283660
0.060351492135 -0.051201537582 -0.042353732196 0.842066060185 -0.469471562785 0.265558283660
0.062548158488 -0.054342291057 -0.037075747600 0.842066060185 -0.469471562785 0.265558283660
0.000000000000 0.000000000000 0.000000000000 0.000000000000 0.000000000000 0.000000000000
0.063196807256 -0.047864914076 -0.037552662900 0.842066060185 -0.469471562785 0.265558283660
0.063165831601 -0.041438280626 -0.037576222559 0.842066060185 -0.469471562785 0.265558283660
0.062373013492 -0.034952186022 -0.037320183612 0.842066060185 -0.469471562785 0.265558283660
0.000000000000 0.000000000000 0.000000000000 0.000000000000 0.000000000000 0.000000000000
0.060327972739 -0.038271942354 -0.042590160933 0.842066060185 -0.469471562785 0.265558283660
0.051361597176 -0.032346559103 -0.055375582657 0.881297508699 -0.469471562786 -0.053955100741
0.052749948293 -0.038732166666 -0.055649613479 0.881297508699 -0.469471562786 -0.053955100741
0.054983438078 -0.035139291005 -0.050627904346 0.881297508699 -0.469471562786 -0.053955100741
0.053280456666 -0.028927786744 -0.050284640342 0.881297508699 -0.469471562786 -0.053955100741
0.056964506857 -0.031557449355 -0.045573515290 0.881297508699 -0.469471562786 -0.053955100741
0.058858338920 -0.028063478682 -0.040383556265 0.881297508699 -0.469471562786 -0.053955100741
0.000000000000 0.000000000000 0.000000000000 0.000000000000 0.000000000000 0.000000000000
0.055109933804 -0.025350757807 -0.045068235757 0.881297508699 -0.469471562786 -0.053955100741
0.051107168621 -0.022767633136 -0.049537026576 0.881297508699 -0.469471562786 -0.053955100741
0.046740927293 -0.020321541327 -0.053721437213 0.881297508699 -0.469471562786 -0.053955100741
0.000000000000 0.000000000000 0.000000000000 0.000000000000 0.000000000000 0.000000000000
0.049378375591 -0.026235659618 -0.054758038900 0.881297508699 -0.469471562786 -0.053955100741
0.047392927032 -0.010632551192 -0.043718956193 0.833574136094 -0.469471562787 -0.291119582594
0.045720648933 -0.014052525734 -0.049022604171 0.833574136094 -0.469471562787 -0.291119582594
0.050339123390 -0.016294627342 -0.044955709546 0.833574136094 -0.469471562787 -0.291119582594
0.052127465961 -0.012898032986 -0.039748279975 0.833574136094 -0.469471562787 -0.291119582594
0.054623553067 -0.018733512195 -0.040758700236 0.833574136094 -0.469471562787 -0.291119582594
0.058730287682 -0.021242133685 -0.036333742026 0.833574136094 -0.469471562787 -0.291119582594
0.000000000000 0.000000000000 0.000000000000 0.000000000000 0.000000000000 0.000000000000
0.056293426464 -0.015225867641 -0.035452730261 0.833574136094 -0.469471562787 -0.291119582594
0.053671796439 -0.009521795940 -0.034393488805 0.833574136094 -0.469471562787 -0.291119582594
0.050315968767 -0.004372716075 -0.032777557796 0.833574136094 -0.469471562787 -0.291119582594
0.000000000000 0.000000000000 0.000000000000 0.000000000000 0.000000000000 0.000000000000
0.049041599786 -0.007218744167 -0.038487829217 0.833574136094 -0.469471562787 -0.291119582594
0.058619793532 -0.006007855016 -0.021733996165 0.895015152973 -0.384471962975 -0.226117636717
0.053982433494 -0.003687679000 -0.025799373036 0.895015152973 -0.384471962975 -0.226117636717
0.057342138516 -0.009062317687 -0.027356742848 0.895015152973 -0.384471962975 -0.226117636717
0.061567701288 -0.011555852436 -0.023065580975 0.895015152973 -0.384471962975 -0.226117636717
0.060098164953 -0.014778412653 -0.028541819030 0.895015152973 -0.384471962975 -0.226117636717
0.062513821687 -0.020641140536 -0.029553732591 0.895015152973 -0.384471962975 -0.226117636717
0.000000000000 0.000000000000 0.000000000000 0.000000000000 0.000000000000 0.000000000000
0.064094653895 -0.017368346550 -0.024055657832 0.895015152973 -0.384471962975 -0.226117636717
0.065193206039 -0.014303916773 -0.018497612835 0.895015152973 -0.384471962975 -0.226117636717
0.065608689198 -0.011673844298 -0.012573846689 0.895015152973 -0.384471962975 -0.226117636717
0.000000000000 0.000000000000 0.000000000000 0.000000000000 0.000000000000 0.000000000000
0.062440288667 -0.008669941013 -0.017247613123 0.895015152973 -0.384471962975 -0.226117636717
0.070638008002 -0.028179140261 -0.017485481346 0.818589549934 -0.240147115584 0.521766721452
0.069205308393 -0.030974313144 -0.023218446402 0.818589549934 -0.240147115584 0.521766721452
0.071758659833 -0.034626648325 -0.018330049177 0.818589549934 -0.240147115584 0.521766721452
0.072797129975 -0.031892719219 -0.012553618510 0.818589549934 -0.240147115584 0.521766721452
0.073641986285 -0.038276215685 -0.013462891082 0.818589549934 -0.240147115584 0.521766721452
0.074848229380 -0.042007108503 -0.008266934729 0.818589549934 -0.240147115584 0.521766721452
0.000000000000 0.000000000000 0.000000000000 0.000000000000 0.000000000000 0.000000000000
0.074486418977 -0.035596254659 -0.007569939699 0.818589549934 -0.240147115584 0.521766721452
0.073420152706 -0.029282185869 -0.006650855701 0.818589549934 -0.240147115584 0.521766721452
0.071668027672 -0.023034792730 -0.005585340706 0.818589549934 -0.240147115584 0.521766721452
0.000000000000 0.000000000000 0.000000000000 0.000000000000 0.000000000000 0.000000000000
0.071528620751 -0.025564216100 -0.011603129610 0.818589549934 -0.240147115584 0.521766721452
0.000000000000 0.000000000000 0.000000000000 0.000000000000 0.000000000000 0.000000000000
0.000000000000 0.000000000000 0.000000000000 0.000000000000 0.000000000000 0.000000000000
0.000000000000 0.000000000000 0.000000000000 0.000000000000 0.000000000000 0.000000000000
0.000000000000 0.000000000000 0.000000000000 0.000000000000 0.000000000000 0.000000000000
0.000000000000 0.000000000000 0.000000000000 0.000000000000 0.000000000000 0.000000000000
0.000000000000 0.000000000000 0.000000000000 0.000000000000 0.000000000000 0.000000000000
0.000000000000 0.000000000000 0.000000000000 0.000000000000 0.000000000000 0.000000000000
0.000000000000 0.000000000000 0.000000000000 0.000000000000 0.000000000000 0.000000000000
0.000000000000 0.000000000000 0.000000000000 0.000000000000 0.000000000000 0.000000000000
0.000000000000 0.000000000000 0.000000000000 0.000000000000 0.000000000000 0.000000000000
0.000000000000 0.000000000000 0.000000000000 0.000000000000 0.000000000000 0.000000000000
0.000000000000 0.000000000000 0.000000000000 0.000000000000 0.000000000000 0.000000000000
0.000000000000 0.000000000000 0.000000000000 0.000000000000 0.000000000000 0.000000000000
0.000000000000 0.000000000000 0.000000000000 0.000000000000 0.000000000000 0.000000000000
0.000000000000 0.000000000000 0.000000000000 0.000000000000 0.000000000000 0.000000000000
0.000000000000 0.000000000000 0.000000000000 0.000000000000 0.000000000000 0.000000000000
0.000000000000 0.000000000000 0.000000000000 0.000000000000 0.000000000000 0.000000000000
0.000000000000 0.000000000000 0.000000000000 0.000000000000 0.000000000000 0.000000000000
0.000000000000 0.000000000000 0.000000000000 0.000000000000 0.000000000000 0.000000000000
0.000000000000 0.000000000000 0.000000000000 0.000000000000 0.000000000000 0.000000000000
0.000000000000 0.000000000000 0.000000000000 0.000000000000 0.000000000000 0.000000000000
0.000000000000 0.000000000000 0.000000000000 0.000000000000 0.000000000000 0.000000000000
0.000000000000 0.000000000000 0.000000000000 0.000000000000 0.000000000000 0.000000000000
0.000000000000 0.000000000000 0.000000000000 0.000000000000 0.000000000000 0.000000000000
0.000000000000 0.000000000000 0.000000000000 0.000000000000 0.000000000000 0.000000000000
0.000000000000 0.000000000000 0.000000000000 0.000000000000 0.000000000000 0.000000000000
0.000000000000 0.000000000000 0.000000000000 0.000000000000 0.000000000000 0.000000000000
0.000000000000 0.000000000000 0.000000000000 0.000000000000 0.000000000000 0.000000000000
0.000000000000 0.000000000000 0.000000000000 0.000000000000 0.000000000000 0.000000000000
0.000000000000 0.000000000000 0.000000000000 0.000000000000 0.000000000000 0.000000000000
0.000000000000 0.000000000000 0.000000000000 0.000000000000 0.000000000000 0.000000000000
0.000000000000 0.000000000000 0.000000000000 0.000000000000 0.000000000000 0.000000000000
0.000000000000 0.000000000000 0.000000000000 0.000000000000 0.000000000000 0.000000000000
0.000000000000 0.000000000000 0.000000000000 0.000000000000 0.000000000000 0.000000000000
0.000000000000 0.000000000000 0.000000000000 0.000000000000 0.000000000000 0.000000000000
0.000000000000 0.000000000000 0.000000000000 0.000000000000 0.000000000000 0.000000000000
0.069673425159 -0.061099736297 -0.019714759542 0.879140549983 -0.387613431916 0.277250285435
0.066450889351 -0.063606183512 -0.025073771593 0.879140549983 -0.387613431916 0.277250285435
0.067572195094 -0.067153905262 -0.019739657792 0.879140549983 -0.387613431916 0.277250285435
0.070015975341 -0.064417044932 -0.014607979345 0.879140549983 -0.387613431916 0.277250285435
0.067921939696 -0.070738046821 -0.014208303700 0.879140549983 -0.387613431916 0.277250285435
0.067599383851 -0.073983483508 -0.008486556967 0.879140549983 -0.387613431916 0.277250285435
0.000000000000 0.000000000000 0.000000000000 0.000000000000 0.000000000000 0.000000000000
0.070301093017 -0.067820692648 -0.008883689060 0.879140549983 -0.387613431916 0.277250285435
0.072184047128 -0.061690248589 -0.008983106596 0.879140549983 -0.387613431916 0.277250285435
0.073782273942 -0.055395954673 -0.008925199903 0.879140549983 -0.387613431916 0.277250285435
0.000000000000 0.000000000000 0.000000000000 0.000000000000 0.000000000000 0.000000000000
0.071859425054 -0.058338413946 -0.014562609225 0.879140549983 -0.387613431916 0.277250285435
0.067712611772 -0.050228538485 -0.028489152484 0.969817309059 -0.240147115584 0.042234463731
0.066650288414 -0.056594874989 -0.028641042487 0.969817309059 -0.240147115584 0.042234463731
0.069674766619 -0.053952509400 -0.023504387530 0.969817309059 -0.240147115584 0.042234463731
0.070382798043 -0.047521943023 -0.023212947104 0.969817309059 -0.240147115584 0.042234463731
0.072163965271 -0.051205979045 -0.018202531256 0.969817309059 -0.240147115584 0.042234463731
0.074015505993 -0.048421574967 -0.012541854075 0.969817309059 -0.240147115584 0.042234463731
0.000000000000 0.000000000000 0.000000000000 0.000000000000 0.000000000000 0.000000000000
0.072728386502 -0.044681224309 -0.017801302436 0.969817309059 -0.240147115584 0.042234463731
0.070735312752 -0.040961098337 -0.022802752080 0.969817309059 -0.240147115584 0.042234463731
0.068285324339 -0.037330211794 -0.027499971854 0.969817309059 -0.240147115584 0.042234463731
0.000000000000 0.000000000000 0.000000000000 0.000000000000 0.000000000000 0.000000000000
0.068272140882 -0.043781637869 -0.028062400650 0.969817309059 -0.240147115584 0.042234463731
0.000000000000 0.000000000000 0.000000000000 0.000000000000 0.000000000000 0.000000000000
0.000000000000 0.000000000000 0.000000000000 0.000000000000 0.000000000000 0.000000000000
0.000000000000 0.000000000000 0.000000000000 0.000000000000 0.000000000000 0.000000000000
0.000000000000 0.000000000000 0.000000000000 0.000000000000 0.000000000000 0.000000000000
0.000000000000 0.000000000000 0.000000000000 0.000000000000 0.000000000000 0.000000000000
0.000000000000 0.000000000000 0.000000000000 0.000000000000 0.000000000000 0.000000000000
0.000000000000 0.000000000000 0.000000000000 0.000000000000 0.000000000000 0.000000000000
0.000000000000 0.000000000000 0.000000000000 0.000000000000 0.000000000000 0.000000000000
0.000000000000 0.000000000000 0.000000000000 0.000000000000 0.000000000000 0.000000000000
0.000000000000 0.000000000000 0.000000000000 0.000000000000 0.000000000000 0.000000000000
0.000000000000 0.000000000000 0.000000000000 0.000000000000 0.000000000000 0.000000000000
0.000000000000 0.000000000000 0.000000000000 0.000000000000 0.000000000000 0.000000000000
0.052623315789 0.004355456456 -0.014733024263 0.860040732891 -0.238263246535 -0.451176864566
0.052013266083 0.001761237331 -0.020611000148 0.860040732891 -0.238263246535 -0.451176864566
0.056459183677 -0.000648996671 -0.016406452578 0.860040732891 -0.238263246535 -0.451176864566
0.056610154704 0.001825786184 -0.010345553252 0.860040732891 -0.238263246535 -0.451176864566
0.060187125304 -0.003300033718 -0.011941336865 0.860040732891 -0.238263246535 -0.451176864566
0.063389388452 -0.006486879877 -0.007432862288 0.860040732891 -0.238263246535 -0.451176864566
0.000000000000 0.000000000000 0.000000000000 0.000000000000 0.000000000000 0.000000000000
0.059927487365 -0.001153363830 -0.005837912112 0.860040732891 -0.238263246535 -0.451176864566
0.056072890320 0.003601159726 -0.004090944057 0.860040732891 -0.238263246535 -0.451176864566
0.051552595129 0.007787078922 -0.002231036801 0.860040732891 -0.238263246535 -0.451176864566
0.000000000000 0.000000000000 0.000000000000 0.000000000000 0.000000000000 0.000000000000
0.052642049996 0.006576494729 -0.008626507037 0.860040732891 -0.238263246535 -0.451176864566
