name    torso
spatial_sampling    taxel
taxel2Repr ( 3 3 3 3 3 3 -2 3 3 3 -2 3 15 15 15 15 15 15 -2 15 15 15 -2 15 27 27 27 27 27 27 -2 27 27 27 -2 27 39 39 39 39 39 39 -2 39 39 39 -2 39 51 51 51 51 51 51 -2 51 51 51 -2 51 63 63 63 63 63 63 -2 63 63 63 -2 63 -1 -1 -1 -1 -1 -1 -1 -1 -1 -1 -1 -1 -1 -1 -1 -1 -1 -1 -1 -1 -1 -1 -1 -1 99 99 99 99 99 99 -2 99 99 99 -2 99 111 111 111 111 111 111 -2 111 111 111 -2 111 123 123 123 123 123 123 -2 123 123 123 -2 123 135 135 135 135 135 135 -2 135 135 135 -2 135 147 147 147 147 147 147 -2 147 147 147 -2 147 159 159 159 159 159 159 -2 159 159 159 -2 159 171 171 171 171 171 171 -2 171 171 171 -2 171 183 183 183 183 183 183 -2 183 183 183 -2 183 195 195 195 195 195 195 -2 195 195 195 -2 195 207 207 207 207 207 207 -2 207 207 207 -2 207 219 219 219 219 219 219 -2 219 219 219 -2 219 -1 -1 -1 -1 -1 -1 -1 -1 -1 -1 -1 -1 -1 -1 -1 -1 -1 -1 -1 -1 -1 -1 -1 -1 -1 -1 -1 -1 -1 -1 -1 -1 -1 -1 -1 -1 -1 -1 -1 -1 -1 -1 -1 -1 -1 -1 -1 -1 -1 -1 -1 -1 -1 -1 -1 -1 -1 -1 -1 -1 291 291 291 291 291 291 -2 291 291 291 -2 291 303 303 303 303 303 303 -2 303 303 303 -2 303 315 315 315 315 315 315 -2 315 315 315 -2 315 327 327 327 327 327 327 -2 327 327 327 -2 327 339 339 339 339 339 339 -2 339 339 339 -2 339 351 351 351 351 351 351 -2 351 351 351 -2 351 363 363 363 363 363 363 -2 363 363 363 -2 363 375 375 375 375 375 375 -2 375 375 375 -2 375 )
[calibration]
0.059265827141 0.014373961216 -0.003111464009 0.985575840469 0.098254632722 -0.137790746541
0.059654009219 0.007878347041 -0.003039834695 0.985575840469 0.098254632722 -0.137790746541
0.060317047532 0.011259921512 0.002534080316 0.985575840469 0.098254632722 -0.137790746541
0.059552080513 0.017747933032 0.002537105989 0.985575840469 0.098254632722 -0.137790746541
0.060907409553 0.014558135248 0.007973451366 0.985575840469 0.098254632722 -0.137790746541
0.061520880675 0.017955060187 0.013584035291 0.985575840469 0.098254632722 -0.137790746541
0.000000000000 0.000000000000 0.000000000000 0.000000000000 0.000000000000 0.000000000000
0.060243188830 0.021062895893 0.008042828200 0.985575840469 0.098254632722 -0.137790746541
0.058773240293 0.024121052845 0.002509727971 0.985575840469 0.098254632722 -0.137790746541
0.057357128880 0.027236951477 -0.002975344745 0.985575840469 0.098254632722 -0.137790746541
0.000000000000 0.000000000000 0.000000000000 0.000000000000 0.000000000000 0.000000000000
0.058481486338 0.020920421065 -0.003077791411 0.985575840469 0.098254632722 -0.137790746541
0.056475106042 0.037509520288 0.006854474346 0.957704900262 0.255252911917 -0.132843046384
0.056299557435 0.034163093602 0.001102537540 0.957704900262 0.255252911917 -0.132843046384
0.058193567289 0.031156288729 0.006610266952 0.957704900262 0.255252911917 -0.132843046384
0.058325518764 0.034546178903 0.012348371555 0.957704900262 0.255252911917 -0.132843046384
0.059838938911 0.028112553809 0.012212738797 0.957704900262 0.255252911917 -0.132843046384
0.061124125223 0.025030426189 0.017764612292 0.957704900262 0.255252911917 -0.132843046384
0.000000000000 0.000000000000 0.000000000000 0.000000000000 0.000000000000 0.000000000000
0.060013141492 0.031546955803 0.017789375325 0.957704900262 0.255252911917 -0.132843046384
0.058312564675 0.037784629193 0.017883753602 0.957704900262 0.255252911917 -0.132843046384
0.056029588042 0.043882859112 0.018122981965 0.957704900262 0.255252911917 -0.132843046384
0.000000000000 0.000000000000 0.000000000000 0.000000000000 0.000000000000 0.000000000000
0.056335665468 0.040705419758 0.012400374935 0.957704900262 0.255252911917 -0.132843046384
0.050882139941 0.046254270003 -0.002571895874 0.822172925539 0.544170522427 -0.167063230643
0.053623864624 0.040379316541 -0.002784397539 0.822172925539 0.544170522427 -0.167063230643
0.053395666561 0.043704677670 0.002796091069 0.822172925539 0.544170522427 -0.167063230643
0.050055572852 0.049396713493 0.003252124552 0.822172925539 0.544170522427 -0.167063230643
0.052860158470 0.046909785980 0.008510099518 0.822172925539 0.544170522427 -0.167063230643
0.052144169911 0.049961209975 0.014148505597 0.822172925539 0.544170522427 -0.167063230643
0.000000000000 0.000000000000 0.000000000000 0.000000000000 0.000000000000 0.000000000000
0.049309762105 0.052325621514 0.008796433103 0.822172925539 0.544170522427 -0.167063230643
0.046137816606 0.054542806597 0.003517616522 0.822172925539 0.544170522427 -0.167063230643
0.042810592038 0.056372142280 -0.001707384971 0.822172925539 0.544170522427 -0.167063230643
0.000000000000 0.000000000000 0.000000000000 0.000000000000 0.000000000000 0.000000000000
0.047081232351 0.051694783503 -0.002235774331 0.822172925539 0.544170522427 -0.167063230643
0.036751076349 0.063216313870 0.008948798627 0.564747232633 0.806281542857 -0.175984763206
0.038289723956 0.060936879602 0.003010409593 0.564747232633 0.806281542857 -0.175984763206
0.042084861889 0.059668366827 0.008220178542 0.564747232633 0.806281542857 -0.175984763206
0.040681834372 0.061901773962 0.014000415598 0.564747232633 0.806281542857 -0.175984763206
0.045632806055 0.057799416572 0.013259507008 0.564747232633 0.806281542857 -0.175984763206
0.048908403646 0.055756861064 0.018591995531 0.564747232633 0.806281542857 -0.175984763206
0.000000000000 0.000000000000 0.000000000000 0.000000000000 0.000000000000 0.000000000000
0.044385658913 0.060428920971 0.019124474408 0.564747232633 0.806281542857 -0.175984763206
0.039172151590 0.064288882360 0.019842140268 0.564747232633 0.806281542857 -0.175984763206
0.033568028673 0.067367365111 0.020900156521 0.564747232633 0.806281542857 -0.175984763206
0.000000000000 0.000000000000 0.000000000000 0.000000000000 0.000000000000 0.000000000000
0.035163530640 0.065353852904 0.014951481300 0.564747232633 0.806281542857 -0.175984763206
0.039382673845 0.066859674668 0.033694018884 0.626861907501 0.770582699504 -0.115093232423
0.035236533707 0.068048426997 0.028483611214 0.626861907501 0.770582699504 -0.115093232423
0.040930758869 0.064837774465 0.027728414820 0.626861907501 0.770582699504 -0.115093232423
0.044432680392 0.063022840352 0.032880607868 0.626861907501 0.770582699504 -0.115093232423
0.045872058953 0.060782189255 0.026931288619 0.626861907501 0.770582699504 -0.115093232423
0.050370616461 0.056156155217 0.026278007172 0.626861907501 0.770582699504 -0.115093232423
0.000000000000 0.000000000000 0.000000000000 0.000000000000 0.000000000000 0.000000000000
0.049267694093 0.058768116443 0.032154142502 0.626861907501 0.770582699504 -0.115093232423
0.047869752599 0.061105571707 0.037994243357 0.626861907501 0.770582699504 -0.115093232423
0.046170214709 0.063002329373 0.043951723447 0.626861907501 0.770582699504 -0.115093232423
0.000000000000 0.000000000000 0.000000000000 0.000000000000 0.000000000000 0.000000000000
0.042936582614 0.065142045467 0.038782476248 0.626861907501 0.770582699504 -0.115093232423
0.066942700867 0.005105541956 0.075268600863 0.969243886069 0.233708010241 -0.077115856135
0.066590928146 0.011669380686 0.075234517357 0.969243886069 0.233708010241 -0.077115856135
0.066482383390 0.008373331201 0.069669184124 0.969243886069 0.233708010241 -0.077115856135
0.066673527831 0.001845598037 0.069667391428 0.969243886069 0.233708010241 -0.077115856135
0.066377828589 0.005060297664 0.064017304118 0.969243886069 0.233708010241 -0.077115856135
0.066107248072 0.001807170774 0.058407916560 0.969243886069 0.233708010241 -0.077115856135
0.000000000000 0.000000000000 0.000000000000 0.000000000000 0.000000000000 0.000000000000
0.066466751199 -0.001430658797 0.064112065174 0.969243886069 0.233708010241 -0.077115856135
0.066705894865 -0.004655188634 0.069709202790 0.969243886069 0.233708010241 -0.077115856135
0.066851985727 -0.007917118999 0.075314071771 0.969243886069 0.233708010241 -0.077115856135
0.000000000000 0.000000000000 0.000000000000 0.000000000000 0.000000000000 0.000000000000
0.067017771948 -0.001363456337 0.075269680139 0.969243886069 0.233708010241 -0.077115856135
0.000000000000 0.000000000000 0.000000000000 0.000000000000 0.000000000000 0.000000000000
0.000000000000 0.000000000000 0.000000000000 0.000000000000 0.000000000000 0.000000000000
0.000000000000 0.000000000000 0.000000000000 0.000000000000 0.000000000000 0.000000000000
0.000000000000 0.000000000000 0.000000000000 0.000000000000 0.000000000000 0.000000000000
0.000000000000 0.000000000000 0.000000000000 0.000000000000 0.000000000000 0.000000000000
0.000000000000 0.000000000000 0.000000000000 0.000000000000 0.000000000000 0.000000000000
0.000000000000 0.000000000000 0.000000000000 0.000000000000 0.000000000000 0.000000000000
0.000000000000 0.000000000000 0.000000000000 0.000000000000 0.000000000000 0.000000000000
0.000000000000 0.000000000000 0.000000000000 0.000000000000 0.000000000000 0.000000000000
0.000000000000 0.000000000000 0.000000000000 0.000000000000 0.000000000000 0.000000000000
0.000000000000 0.000000000000 0.000000000000 0.000000000000 0.000000000000 0.000000000000
0.000000000000 0.000000000000 0.000000000000 0.000000000000 0.000000000000 0.000000000000
0.000000000000 0.000000000000 0.000000000000 0.000000000000 0.000000000000 0.000000000000
0.000000000000 0.000000000000 0.000000000000 0.000000000000 0.000000000000 0.000000000000
0.000000000000 0.000000000000 0.000000000000 0.000000000000 0.000000000000 0.000000000000
0.000000000000 0.000000000000 0.000000000000 0.000000000000 0.000000000000 0.000000000000
0.000000000000 0.000000000000 0.000000000000 0.000000000000 0.000000000000 0.000000000000
0.000000000000 0.000000000000 0.000000000000 0.000000000000 0.000000000000 0.000000000000
0.000000000000 0.000000000000 0.000000000000 0.000000000000 0.000000000000 0.000000000000
0.000000000000 0.000000000000 0.000000000000 0.000000000000 0.000000000000 0.000000000000
0.000000000000 0.000000000000 0.000000000000 0.000000000000 0.000000000000 0.000000000000
0.000000000000 0.000000000000 0.000000000000 0.000000000000 0.000000000000 0.000000000000
0.000000000000 0.000000000000 0.000000000000 0.000000000000 0.000000000000 0.000000000000
0.000000000000 0.000000000000 0.000000000000 0.000000000000 0.000000000000 0.000000000000
0.053603077177 0.056067143651 0.060480536867 0.882193799524 0.469717956026 -0.033153308566
0.051278324973 0.058574431436 0.054982729906 0.882193799524 0.469717956026 -0.033153308566
0.055166074277 0.053302918521 0.054776490199 0.882193799524 0.469717956026 -0.033153308566
0.057000350136 0.050598790667 0.060286594245 0.882193799524 0.469717956026 -0.033153308566
0.058214649163 0.047687968764 0.054693390672 0.882193799524 0.469717956026 -0.033153308566
0.060673161436 0.041571222887 0.054626268280 0.882193799524 0.469717956026 -0.033153308566
0.000000000000 0.000000000000 0.000000000000 0.000000000000 0.000000000000 0.000000000000
0.059861547406 0.044708269095 0.060302821293 0.882193799524 0.469717956026 -0.033153308566
0.058750654685 0.047617097903 0.065932926619 0.882193799524 0.469717956026 -0.033153308566
0.057393413251 0.050531733829 0.071695406982 0.882193799524 0.469717956026 -0.033153308566
0.000000000000 0.000000000000 0.000000000000 0.000000000000 0.000000000000 0.000000000000
0.055631547977 0.053330233036 0.066073379078 0.882193799524 0.469717956026 -0.033153308566
0.062648135970 0.038165350732 0.075526357511 0.884180540468 0.467145343397 0.000000000000
0.060469433676 0.044262814960 0.075708004620 0.884180540468 0.467145343397 0.000000000000
0.061455827752 0.041171155280 0.069955393728 0.884180540468 0.467145343397 0.000000000000
0.063153765387 0.035129075298 0.069876497463 0.884180540468 0.467145343397 0.000000000000
0.062174590231 0.038208033372 0.064254668843 0.884180540468 0.467145343397 0.000000000000
0.062678480070 0.035050678737 0.058574983565 0.884180540468 0.467145343397 0.000000000000
0.000000000000 0.000000000000 0.000000000000 0.000000000000 0.000000000000 0.000000000000
0.063739374474 0.031906904936 0.064223562912 0.884180540468 0.467145343397 0.000000000000
0.064535002877 0.028670815734 0.069785164463 0.884180540468 0.467145343397 0.000000000000
0.065285645916 0.025348371451 0.075373021058 0.884180540468 0.467145343397 0.000000000000
0.000000000000 0.000000000000 0.000000000000 0.000000000000 0.000000000000 0.000000000000
0.064156081300 0.031788797959 0.075458759778 0.884180540468 0.467145343397 0.000000000000
0.065952517183 0.015168825907 0.065592694859 0.974297444276 0.225265377004 0.000000000000
0.065872127443 0.018401334090 0.071224190923 0.974297444276 0.225265377004 0.000000000000
0.065365590595 0.021638534606 0.065609089732 0.974297444276 0.225265377004 0.000000000000
0.065400084389 0.018394316010 0.060051062925 0.974297444276 0.225265377004 0.000000000000
0.064779701076 0.024922484180 0.060043333604 0.974297444276 0.225265377004 0.000000000000
0.063976970460 0.028242147994 0.054368806642 0.974297444276 0.225265377004 0.000000000000
0.000000000000 0.000000000000 0.000000000000 0.000000000000 0.000000000000 0.000000000000
0.064849192669 0.021760939378 0.054312609545 0.974297444276 0.225265377004 0.000000000000
0.065435614136 0.015126881617 0.054258456460 0.974297444276 0.225265377004 0.000000000000
0.065852225450 0.008700075587 0.054223199450 0.974297444276 0.225265377004 0.000000000000
0.000000000000 0.000000000000 0.000000000000 0.000000000000 0.000000000000 0.000000000000
0.065909136494 0.011973976659 0.059912697035 0.974297444276 0.225265377004 0.000000000000
0.065028613568 0.012004077473 0.040736496513 0.996389519216 0.084899505282 0.000000000000
0.065507697585 0.008774439041 0.046465182651 0.996389519216 0.084899505282 0.000000000000
0.065142454705 0.015290722092 0.046435521689 0.996389519216 0.084899505282 0.000000000000
0.064480196188 0.018472229641 0.040868355663 0.996389519216 0.084899505282 0.000000000000
0.064530094264 0.021773386766 0.046478684480 0.996389519216 0.084899505282 0.000000000000
0.063568120410 0.028223103460 0.046523850840 0.996389519216 0.084899505282 0.000000000000
0.000000000000 0.000000000000 0.000000000000 0.000000000000 0.000000000000 0.000000000000
0.063754775488 0.024841281718 0.040790722736 0.996389519216 0.084899505282 0.000000000000
0.063897855058 0.021585143670 0.035166892873 0.996389519216 0.084899505282 0.000000000000
0.063590292077 0.018324684547 0.029518283880 0.996389519216 0.084899505282 0.000000000000
0.000000000000 0.000000000000 0.000000000000 0.000000000000 0.000000000000 0.000000000000
0.064505046568 0.015100858580 0.035214843339 0.996389519216 0.084899505282 0.000000000000
0.059262101595 0.041190079108 0.031375014252 1.000000000000 0.000000000000 0.000000000000
0.057410192811 0.044059656792 0.025873635158 1.000000000000 0.000000000000 0.000000000000
0.059636495576 0.037909194423 0.025721543158 1.000000000000 0.000000000000 0.000000000000
0.060925555516 0.035377244998 0.031259855870 1.000000000000 0.000000000000 0.000000000000
0.061199373499 0.031720532756 0.025709017057 1.000000000000 0.000000000000 0.000000000000
0.062361133361 0.025268733277 0.025546681706 1.000000000000 0.000000000000 0.000000000000
0.000000000000 0.000000000000 0.000000000000 0.000000000000 0.000000000000 0.000000000000
0.062616081219 0.028578094676 0.031238413218 1.000000000000 0.000000000000 0.000000000000
0.062381906234 0.031822804327 0.036793980335 1.000000000000 0.000000000000 0.000000000000
0.062061892818 0.034997966957 0.042455120861 1.000000000000 0.000000000000 0.000000000000
0.000000000000 0.000000000000 0.000000000000 0.000000000000 0.000000000000 0.000000000000
0.060772115014 0.038169648552 0.036911058628 1.000000000000 0.000000000000 0.000000000000
0.054029357232 0.053223216078 0.035667230146 0.996091148584 0.085181652559 -0.023377548640
0.054922872995 0.050293361189 0.029990408925 0.996091148584 0.085181652559 -0.023377548640
0.057120219665 0.047602546383 0.035582396320 0.996091148584 0.085181652559 -0.023377548640
0.056036250378 0.050568877734 0.041212565490 0.996091148584 0.085181652559 -0.023377548640
0.058853196295 0.044728740400 0.041089010725 0.996091148584 0.085181652559 -0.023377548640
0.060336215826 0.041547795966 0.046639295505 0.996091148584 0.085181652559 -0.023377548640
0.000000000000 0.000000000000 0.000000000000 0.000000000000 0.000000000000 0.000000000000
0.057854793458 0.047693689699 0.046798602597 0.996091148584 0.085181652559 -0.023377548640
0.054794536508 0.053346496525 0.046990709903 0.996091148584 0.085181652559 -0.023377548640
0.050905783840 0.058573879127 0.047199411318 0.996091148584 0.085181652559 -0.023377548640
0.000000000000 0.000000000000 0.000000000000 0.000000000000 0.000000000000 0.000000000000
0.052618887868 0.056125889905 0.041468060227 0.996091148584 0.085181652559 -0.023377548640
0.065323045006 -0.001366471061 0.037012566545 0.997772037029 0.000000000000 -0.066715531351
0.065608241473 0.001888768165 0.042617889917 0.997772037029 0.000000000000 -0.066715531351
0.065197954446 0.005100234135 0.036856225543 0.997772037029 0.000000000000 -0.066715531351
0.064774000277 0.001702267444 0.031345775497 0.997772037029 0.000000000000 -0.066715531351
0.064665310619 0.008196121085 0.031262519967 0.997772037029 0.000000000000 -0.066715531351
0.063800828282 0.011315970601 0.025615254936 0.997772037029 0.000000000000 -0.066715531351
0.000000000000 0.000000000000 0.000000000000 0.000000000000 0.000000000000 0.000000000000
0.064061956916 0.004821470472 0.025648286888 0.997772037029 0.000000000000 -0.066715531351
0.064169574706 -0.001666585098 0.025778760105 0.997772037029 0.000000000000 -0.066715531351
0.064017515689 -0.008279720174 0.025938125987 0.997772037029 0.000000000000 -0.066715531351
0.000000000000 0.000000000000 0.000000000000 0.000000000000 0.000000000000 0.000000000000
0.064827188286 -0.004839227890 0.031491764599 0.997772037029 0.000000000000 -0.066715531351
0.062291917813 -0.005153872340 0.012470638144 0.992811379133 0.000000000000 -0.119689454273
0.062942295437 -0.008323824574 0.018105990494 0.992811379133 0.000000000000 -0.119689454273
0.063091099223 -0.001815305856 0.017941519141 0.992811379133 0.000000000000 -0.119689454273
0.062251463111 0.001293088545 0.012379587679 0.992811379133 0.000000000000 -0.119689454273
0.062968066147 0.004669388335 0.017774620918 0.992811379133 0.000000000000 -0.119689454273
0.062550708489 0.011196046140 0.017744824066 0.992811379133 0.000000000000 -0.119689454273
0.000000000000 0.000000000000 0.000000000000 0.000000000000 0.000000000000 0.000000000000
0.061996287370 0.007792969766 0.012178323119 0.992811379133 0.000000000000 -0.119689454273
0.061241561439 0.004385657765 0.006622767292 0.992811379133 0.000000000000 -0.119689454273
0.060265224935 0.001067200847 0.001130135666 0.992811379133 0.000000000000 -0.119689454273
0.000000000000 0.000000000000 0.000000000000 0.000000000000 0.000000000000 0.000000000000
0.061364125935 -0.002085334275 0.006798501282 0.992811379133 0.000000000000 -0.119689454273
0.047280928147 -0.049791456297 -0.001154471435 0.822234153971 -0.544079925826 -0.167056967399
0.042415859124 -0.054323596705 -0.000456644392 0.822234153971 -0.544079925826 -0.167056967399
0.046224024588 -0.052511033034 0.004730750323 0.822234153971 -0.544079925826 -0.167056967399
0.050251844177 -0.047489359008 0.004327577423 0.822234153971 -0.544079925826 -0.167056967399
0.049374077543 -0.050501799816 0.009933166082 0.822234153971 -0.544079925826 -0.167056967399
0.052305066804 -0.048114383011 0.015263381898 0.822234153971 -0.544079925826 -0.167056967399
0.000000000000 0.000000000000 0.000000000000 0.000000000000 0.000000000000 0.000000000000
0.053004843696 -0.045137863998 0.009536041048 0.822234153971 -0.544079925826 -0.167056967399
0.053566733992 -0.042057380351 0.003799207201 0.822234153971 -0.544079925826 -0.167056967399
0.053889626119 -0.038901760411 -0.001955132058 0.822234153971 -0.544079925826 -0.167056967399
0.000000000000 0.000000000000 0.000000000000 0.000000000000 0.000000000000 0.000000000000
0.050894490338 -0.044450079757 -0.001552745389 0.822234153971 -0.544079925826 -0.167056967399
0.058547750259 -0.029381787583 0.007353450754 0.957719241917 -0.255201211785 -0.132838982098
0.056657150531 -0.032429457319 0.001846822956 0.957719241917 -0.255201211785 -0.132838982098
0.056927229790 -0.035651836519 0.007527704601 0.957719241917 -0.255201211785 -0.132838982098
0.058800846776 -0.032640934078 0.012996664642 0.957719241917 -0.255201211785 -0.132838982098
0.056814919399 -0.038860376738 0.013236354753 0.957719241917 -0.255201211785 -0.132838982098
0.056565558371 -0.041874169393 0.018934725023 0.957719241917 -0.255201211785 -0.132838982098
0.000000000000 0.000000000000 0.000000000000 0.000000000000 0.000000000000 0.000000000000
0.058890354799 -0.035847124186 0.018665906042 0.957719241917 -0.255201211785 -0.132838982098
0.060512776929 -0.029545227525 0.018452805769 0.957719241917 -0.255201211785 -0.132838982098
0.061657584299 -0.023010021919 0.018361450168 0.957719241917 -0.255201211785 -0.132838982098
0.000000000000 0.000000000000 0.000000000000 0.000000000000 0.000000000000 0.000000000000
0.060193867453 -0.026260518715 0.012811254055 0.957719241917 -0.255201211785 -0.132838982098
0.058800750341 -0.019178640205 -0.002415911994 0.985579039822 -0.098224257384 -0.137789518919
0.057701024531 -0.025759533557 -0.002287874368 0.985579039822 -0.098224257384 -0.137789518919
0.059325427966 -0.022641015870 0.003156926222 0.985579039822 -0.098224257384 -0.137789518919
0.060061375133 -0.016144892059 0.003158023271 0.985579039822 -0.098224257384 -0.137789518919
0.060685974632 -0.019425182354 0.008633995040 0.985579039822 -0.098224257384 -0.137789518919
0.061874599076 -0.016224134548 0.014207824476 0.985579039822 -0.098224257384 -0.137789518919
0.000000000000 0.000000000000 0.000000000000 0.000000000000 0.000000000000 0.000000000000
0.061378935700 -0.013007218818 0.008516581916 0.985579039822 -0.098224257384 -0.137789518919
0.060529907952 -0.009608515773 0.003042155598 0.985579039822 -0.098224257384 -0.137789518919
0.059764261363 -0.006327823280 -0.002500174878 0.985579039822 -0.098224257384 -0.137789518919
0.000000000000 0.000000000000 0.000000000000 0.000000000000 0.000000000000 0.000000000000
0.059350252969 -0.012891734726 -0.002562664899 0.985579039822 -0.098224257384 -0.137789518919
0.000000000000 0.000000000000 0.000000000000 0.000000000000 0.000000000000 0.000000000000
0.000000000000 0.000000000000 0.000000000000 0.000000000000 0.000000000000 0.000000000000
0.000000000000 0.000000000000 0.000000000000 0.000000000000 0.000000000000 0.000000000000
0.000000000000 0.000000000000 0.000000000000 0.000000000000 0.000000000000 0.000000000000
0.000000000000 0.000000000000 0.000000000000 0.000000000000 0.000000000000 0.000000000000
0.000000000000 0.000000000000 0.000000000000 0.000000000000 0.000000000000 0.000000000000
0.000000000000 0.000000000000 0.000000000000 0.000000000000 0.000000000000 0.000000000000
0.000000000000 0.000000000000 0.000000000000 0.000000000000 0.000000000000 0.000000000000
0.000000000000 0.000000000000 0.000000000000 0.000000000000 0.000000000000 0.000000000000
0.000000000000 0.000000000000 0.000000000000 0.000000000000 0.000000000000 0.000000000000
0.000000000000 0.000000000000 0.000000000000 0.000000000000 0.000000000000 0.000000000000
0.000000000000 0.000000000000 0.000000000000 0.000000000000 0.000000000000 0.000000000000
0.000000000000 0.000000000000 0.000000000000 0.000000000000 0.000000000000 0.000000000000
0.000000000000 0.000000000000 0.000000000000 0.000000000000 0.000000000000 0.000000000000
0.000000000000 0.000000000000 0.000000000000 0.000000000000 0.000000000000 0.000000000000
0.000000000000 0.000000000000 0.000000000000 0.000000000000 0.000000000000 0.000000000000
0.000000000000 0.000000000000 0.000000000000 0.000000000000 0.000000000000 0.000000000000
0.000000000000 0.000000000000 0.000000000000 0.000000000000 0.000000000000 0.000000000000
0.000000000000 0.000000000000 0.000000000000 0.000000000000 0.000000000000 0.000000000000
0.000000000000 0.000000000000 0.000000000000 0.000000000000 0.000000000000 0.000000000000
0.000000000000 0.000000000000 0.000000000000 0.000000000000 0.000000000000 0.000000000000
0.000000000000 0.000000000000 0.000000000000 0.000000000000 0.000000000000 0.000000000000
0.000000000000 0.000000000000 0.000000000000 0.000000000000 0.000000000000 0.000000000000
0.000000000000 0.000000000000 0.000000000000 0.000000000000 0.000000000000 0.000000000000
0.000000000000 0.000000000000 0.000000000000 0.000000000000 0.000000000000 0.000000000000
0.000000000000 0.000000000000 0.000000000000 0.000000000000 0.000000000000 0.000000000000
0.000000000000 0.000000000000 0.000000000000 0.000000000000 0.000000000000 0.000000000000
0.000000000000 0.000000000000 0.000000000000 0.000000000000 0.000000000000 0.000000000000
0.000000000000 0.000000000000 0.000000000000 0.000000000000 0.000000000000 0.000000000000
0.000000000000 0.000000000000 0.000000000000 0.000000000000 0.000000000000 0.000000000000
0.000000000000 0.000000000000 0.000000000000 0.000000000000 0.000000000000 0.000000000000
0.000000000000 0.000000000000 0.000000000000 0.000000000000 0.000000000000 0.000000000000
0.000000000000 0.000000000000 0.000000000000 0.000000000000 0.000000000000 0.000000000000
0.000000000000 0.000000000000 0.000000000000 0.000000000000 0.000000000000 0.000000000000
0.000000000000 0.000000000000 0.000000000000 0.000000000000 0.000000000000 0.000000000000
0.000000000000 0.000000000000 0.000000000000 0.000000000000 0.000000000000 0.000000000000
0.000000000000 0.000000000000 0.000000000000 0.000000000000 0.000000000000 0.000000000000
0.000000000000 0.000000000000 0.000000000000 0.000000000000 0.000000000000 0.000000000000
0.000000000000 0.000000000000 0.000000000000 0.000000000000 0.000000000000 0.000000000000
0.000000000000 0.000000000000 0.000000000000 0.000000000000 0.000000000000 0.000000000000
0.000000000000 0.000000000000 0.000000000000 0.000000000000 0.000000000000 0.000000000000
0.000000000000 0.000000000000 0.000000000000 0.000000000000 0.000000000000 0.000000000000
0.000000000000 0.000000000000 0.000000000000 0.000000000000 0.000000000000 0.000000000000
0.000000000000 0.000000000000 0.000000000000 0.000000000000 0.000000000000 0.000000000000
0.000000000000 0.000000000000 0.000000000000 0.000000000000 0.000000000000 0.000000000000
0.000000000000 0.000000000000 0.000000000000 0.000000000000 0.000000000000 0.000000000000
0.000000000000 0.000000000000 0.000000000000 0.000000000000 0.000000000000 0.000000000000
0.000000000000 0.000000000000 0.000000000000 0.000000000000 0.000000000000 0.000000000000
0.000000000000 0.000000000000 0.000000000000 0.000000000000 0.000000000000 0.000000000000
0.000000000000 0.000000000000 0.000000000000 0.000000000000 0.000000000000 0.000000000000
0.000000000000 0.000000000000 0.000000000000 0.000000000000 0.000000000000 0.000000000000
0.000000000000 0.000000000000 0.000000000000 0.000000000000 0.000000000000 0.000000000000
0.000000000000 0.000000000000 0.000000000000 0.000000000000 0.000000000000 0.000000000000
0.000000000000 0.000000000000 0.000000000000 0.000000000000 0.000000000000 0.000000000000
0.000000000000 0.000000000000 0.000000000000 0.000000000000 0.000000000000 0.000000000000
0.000000000000 0.000000000000 0.000000000000 0.000000000000 0.000000000000 0.000000000000
0.000000000000 0.000000000000 0.000000000000 0.000000000000 0.000000000000 0.000000000000
0.000000000000 0.000000000000 0.000000000000 0.000000000000 0.000000000000 0.000000000000
0.000000000000 0.000000000000 0.000000000000 0.000000000000 0.000000000000 0.000000000000
0.000000000000 0.000000000000 0.000000000000 0.000000000000 0.000000000000 0.000000000000
0.066287935428 -0.009252136308 0.060156143347 0.969255349490 -0.233661469762 -0.077112807200
0.066171368903 -0.006135073770 0.054404793491 0.969255349490 -0.233661469762 -0.077112807200
0.065967686682 -0.012669858180 0.054684963987 0.969255349490 -0.233661469762 -0.077112807200
0.065876703407 -0.015689153702 0.060318743568 0.969255349490 -0.233661469762 -0.077112807200
0.065521270964 -0.019095014011 0.054783803212 0.969255349490 -0.233661469762 -0.077112807200
0.064744064621 -0.025586039753 0.055007336674 0.969255349490 -0.233661469762 -0.077112807200
0.000000000000 0.000000000000 0.000000000000 0.000000000000 0.000000000000 0.000000000000
0.065336318477 -0.022195045249 0.060438405030 0.969255349490 -0.233661469762 -0.077112807200
0.065949780797 -0.018857970744 0.066010137081 0.969255349490 -0.233661469762 -0.077112807200
0.066348558874 -0.015446779608 0.071640951124 0.969255349490 -0.233661469762 -0.077112807200
0.000000000000 0.000000000000 0.000000000000 0.000000000000 0.000000000000 0.000000000000
0.066402240371 -0.012349483446 0.065947259233 0.969255349490 -0.233661469762 -0.077112807200
0.064881824743 -0.028618131032 0.076043922159 0.996093375987 -0.085155732717 -0.023377072100
0.065857297209 -0.022179845236 0.075857248338 0.996093375987 -0.085155732717 -0.023377072100
0.065257272950 -0.025595203899 0.070305908855 0.996093375987 -0.085155732717 -0.023377072100
0.063988379259 -0.031948542235 0.070543967940 0.996093375987 -0.085155732717 -0.023377072100
0.064502361482 -0.028976393441 0.064864787538 0.996093375987 -0.085155732717 -0.023377072100
0.063560824182 -0.032228940208 0.059297474162 0.996093375987 -0.085155732717 -0.023377072100
0.000000000000 0.000000000000 0.000000000000 0.000000000000 0.000000000000 0.000000000000
0.063090287798 -0.035273419711 0.065013182638 0.996093375987 -0.085155732717 -0.023377072100
0.062372721954 -0.038297288017 0.070710814799 0.996093375987 -0.085155732717 -0.023377072100
0.061394659256 -0.041296240959 0.076564189450 0.996093375987 -0.085155732717 -0.023377072100
0.000000000000 0.000000000000 0.000000000000 0.000000000000 0.000000000000 0.000000000000
0.063501625534 -0.035009220941 0.076247790786 0.996093375987 -0.085155732717 -0.023377072100
0.056550773766 -0.050629619842 0.067289947304 0.996391714049 -0.084873742556 0.000000000000
0.058327949478 -0.047696892627 0.072796261517 0.996391714049 -0.084873742556 0.000000000000
0.059680341472 -0.044976350891 0.066956403054 0.996391714049 -0.084873742556 0.000000000000
0.057913048106 -0.047879480436 0.061501385033 0.996391714049 -0.084873742556 0.000000000000
0.060736268578 -0.042108208838 0.061267258816 0.996391714049 -0.084873742556 0.000000000000
0.061581348973 -0.039108045545 0.055426363078 0.996391714049 -0.084873742556 0.000000000000
0.000000000000 0.000000000000 0.000000000000 0.000000000000 0.000000000000 0.000000000000
0.059095852112 -0.045103161177 0.055768063731 0.996391714049 -0.084873742556 0.000000000000
0.055937250535 -0.050852723029 0.055981623393 0.996391714049 -0.084873742556 0.000000000000
0.052026348770 -0.056079658447 0.056309500340 0.996391714049 -0.084873742556 0.000000000000
0.000000000000 0.000000000000 0.000000000000 0.000000000000 0.000000000000 0.000000000000
0.054405067285 -0.053477094119 0.061779179543 0.996391714049 -0.084873742556 0.000000000000
0.053301367466 -0.053785688906 0.042643175559 0.974307848831 -0.225220371428 0.000000000000
0.051532096043 -0.056134720669 0.048544023813 0.974307848831 -0.225220371428 0.000000000000
0.055501667043 -0.050992930759 0.048066953759 0.974307848831 -0.225220371428 0.000000000000
0.056888306915 -0.048063287381 0.042419671287 0.974307848831 -0.225220371428 0.000000000000
0.058707364104 -0.045397247079 0.047787493220 0.974307848831 -0.225220371428 0.000000000000
0.061150256920 -0.039245609098 0.047643033188 0.974307848831 -0.225220371428 0.000000000000
0.000000000000 0.000000000000 0.000000000000 0.000000000000 0.000000000000 0.000000000000
0.059646189191 -0.042461981665 0.041981214571 0.974307848831 -0.225220371428 0.000000000000
0.057709176246 -0.045511933237 0.036546402050 0.974307848831 -0.225220371428 0.000000000000
0.055419842531 -0.048186309778 0.031017495539 0.974307848831 -0.225220371428 0.000000000000
0.000000000000 0.000000000000 0.000000000000 0.000000000000 0.000000000000 0.000000000000
0.054578206154 -0.051138421825 0.036889824320 0.974307848831 -0.225220371428 0.000000000000
0.063070651995 -0.026386801049 0.031838829254 0.884221682103 -0.467067465041 0.000000000000
0.062845892703 -0.023212309996 0.026146722670 0.884221682103 -0.467067465041 0.000000000000
0.061659110320 -0.029640184849 0.026323475492 0.884221682103 -0.467067465041 0.000000000000
0.061710144713 -0.032721486760 0.031954136851 0.884221682103 -0.467067465041 0.000000000000
0.060054547759 -0.035889178445 0.026484629637 0.884221682103 -0.467067465041 0.000000000000
0.058012643907 -0.042049896060 0.026841693439 0.884221682103 -0.467067465041 0.000000000000
0.000000000000 0.000000000000 0.000000000000 0.000000000000 0.000000000000 0.000000000000
0.059984866183 -0.039011292495 0.032291071054 0.884221682103 -0.467067465041 0.000000000000
0.061557186035 -0.035878669361 0.037758789226 0.884221682103 -0.467067465041 0.000000000000
0.062720460935 -0.032634269813 0.043321230051 0.884221682103 -0.467067465041 0.000000000000
0.000000000000 0.000000000000 0.000000000000 0.000000000000 0.000000000000 0.000000000000
0.063077085967 -0.029489047388 0.037459322371 0.884221682103 -0.467067465041 0.000000000000
0.064898093935 -0.013041354233 0.035464307369 0.882235627546 -0.469639567555 -0.033150777901
0.063967872451 -0.016314408693 0.029945816031 0.882235627546 -0.469639567555 -0.033150777901
0.064419487822 -0.019491750323 0.035707980017 0.882235627546 -0.469639567555 -0.033150777901
0.065064032617 -0.016165860794 0.041122410316 0.882235627546 -0.469639567555 -0.033150777901
0.064461257210 -0.022689524060 0.041240398384 0.882235627546 -0.469639567555 -0.033150777901
0.064288464219 -0.025785559649 0.047051038788 0.882235627546 -0.469639567555 -0.033150777901
0.000000000000 0.000000000000 0.000000000000 0.000000000000 0.000000000000 0.000000000000
0.065168170813 -0.019304308495 0.046878408016 0.882235627546 -0.469639567555 -0.033150777901
0.065609768898 -0.012796308392 0.046709066967 0.882235627546 -0.469639567555 -0.033150777901
0.065764063201 -0.006257976235 0.046611225707 0.882235627546 -0.469639567555 -0.033150777901
0.000000000000 0.000000000000 0.000000000000 0.000000000000 0.000000000000 0.000000000000
0.065403504733 -0.009686146087 0.041001232749 0.882235627546 -0.469639567555 -0.033150777901
0.043534148044 -0.063029144718 0.040340550930 0.626979667583 -0.770487750907 -0.115087454309
0.046655746606 -0.060737713836 0.045398731632 0.626979667583 -0.770487750907 -0.115087454309
0.048325770850 -0.058823905541 0.039391642886 0.626979667583 -0.770487750907 -0.115087454309
0.044954977886 -0.060860280961 0.034393577532 0.626979667583 -0.770487750907 -0.115087454309
0.049684885009 -0.056498952402 0.033564392034 0.626979667583 -0.770487750907 -0.115087454309
0.050722548621 -0.054060293570 0.027537597136 0.626979667583 -0.770487750907 -0.115087454309
0.000000000000 0.000000000000 0.000000000000 0.000000000000 0.000000000000 0.000000000000
0.046262483615 -0.058534573985 0.028445648482 0.626979667583 -0.770487750907 -0.115087454309
0.041598271901 -0.062779208150 0.029309470585 0.626979667583 -0.770487750907 -0.115087454309
0.035618124463 -0.065856011559 0.030107381980 0.626979667583 -0.770487750907 -0.115087454309
0.000000000000 0.000000000000 0.000000000000 0.000000000000 0.000000000000 0.000000000000
0.039694119411 -0.064688196472 0.035155975081 0.626979667583 -0.770487750907 -0.115087454309
0.035391696281 -0.062975201786 0.016556943065 0.564883426952 -0.806187356767 -0.175979145763
0.033803955578 -0.064969090241 0.022486163888 0.564883426952 -0.806187356767 -0.175979145763
0.039357302556 -0.061970689661 0.021436041852 0.564883426952 -0.806187356767 -0.175979145763
0.040801411517 -0.059627107839 0.015511794102 0.564883426952 -0.806187356767 -0.175979145763
0.044683996424 -0.058274046370 0.020491861971 0.564883426952 -0.806187356767 -0.175979145763
0.049183665617 -0.053634830401 0.019849619317 0.564883426952 -0.806187356767 -0.175979145763
0.000000000000 0.000000000000 0.000000000000 0.000000000000 0.000000000000 0.000000000000
0.045822800185 -0.055807231265 0.014772356694 0.564883426952 -0.806187356767 -0.175979145763
0.041983064502 -0.057356604698 0.009623405188 0.564883426952 -0.806187356767 -0.175979145763
0.037978601523 -0.058701415790 0.004582342389 0.564883426952 -0.806187356767 -0.175979145763
0.000000000000 0.000000000000 0.000000000000 0.000000000000 0.000000000000 0.000000000000
0.036646009661 -0.060915737477 0.010588537375 0.564883426952 -0.806187356767 -0.175979145763
