name    leftHand
spatial_sampling    taxel
taxel2Repr ( 3 3 3 3 3 3 -2 3 3 3 -2 3 15 15 15 15 15 15 -2 15 15 15 -2 15 27 27 27 27 27 27 -2 27 27 27 -2 27 39 39 39 39 39 39 -2 39 39 39 -2 39 51 51 51 51 51 51 -2 51 51 51 -2 51 63 63 63 63 63 63 -2 63 63 63 -2 63 75 75 75 75 75 75 -2 75 75 75 -2 75 87 87 87 87 87 87 -2 87 87 87 -2 87 99 99 99 99 99 99 -2 99 99 99 -2 99 111 111 111 111 111 111 -2 111 111 111 -2 111 123 123 123 123 123 123 -2 123 123 123 -2 123 135 135 135 135 135 135 -2 135 135 135 -2 135 147 147 147 147 147 147 -2 147 147 147 -2 147 159 159 159 159 159 159 -2 159 159 159 -2 159 171 171 171 171 171 171 -2 171 171 171 -2 171 183 183 183 183 183 183 -2 183 183 183 -2 183 -1 -1 -1 -1 -1 -1 -1 -1 -1 -1 -1 -1 -1 -1 -1 -1 -1 -1 -1 -1 -1 -1 -1 -1 -1 -1 -1 -1 -1 -1 -1 -1 -1 -1 -1 -1 231 231 231 231 231 231 -2 231 231 231 -2 231 243 243 243 243 243 243 -2 243 243 243 -2 243 255 255 255 255 255 255 -2 255 255 255 -2 255 267 267 267 267 267 267 -2 267 267 267 -2 267 279 279 279 279 279 279 -2 279 279 279 -2 279 -1 -1 -1 -1 -1 -1 -1 -1 -1 -1 -1 -1 303 303 303 303 303 303 -2 303 303 303 -2 303 315 315 315 315 315 315 -2 315 315 315 -2 315 -1 -1 -1 -1 -1 -1 -1 -1 -1 -1 -1 -1 -1 -1 -1 -1 -1 -1 -1 -1 -1 -1 -1 -1 -1 -1 -1 -1 -1 -1 -1 -1 -1 -1 -1 -1 -1 -1 -1 -1 -1 -1 -1 -1 -1 -1 -1 -1 375 375 375 375 375 375 -2 375 375 375 -2 375 )
[calibration]
-0.031223212226 0.023703362962 0.096637455408 -0.069756473751 -0.392787359367 0.916979893286
-0.035088710007 0.018705601851 0.096490214703 -0.069756473751 -0.392787359367 0.916979893286
-0.032787552245 0.021005928124 0.090866203634 -0.069756473751 -0.392787359367 0.916979893286
-0.029047653448 0.025693968551 0.090993211005 -0.069756473751 -0.392787359367 0.916979893286
-0.030307750742 0.023434171831 0.085441286630 -0.069756473751 -0.392787359367 0.916979893286
-0.027357510149 0.025728165853 0.080044053582 -0.069756473751 -0.392787359367 0.916979893286
0.000000000000 0.000000000000 0.000000000000 0.000000000000 0.000000000000 0.000000000000
-0.026599554638 0.028246108175 0.085676338520 -0.069756473751 -0.392787359367 0.916979893286
-0.024335010189 0.030234151717 0.091203956329 -0.069756473751 -0.392787359367 0.916979893286
-0.021868118996 0.032223649514 0.096794527103 -0.069756473751 -0.392787359367 0.916979893286
0.000000000000 0.000000000000 0.000000000000 0.000000000000 0.000000000000 0.000000000000
-0.026993964134 0.028206430489 0.096945166330 -0.069756473751 -0.392787359367 0.916979893286
-0.028509734016 0.028493236054 0.116120330199 -0.069756473750 0.000000000002 0.997564050259
-0.031507233526 0.026535087450 0.121699476067 -0.069756473750 0.000000000002 0.997564050259
-0.033329354149 0.024154914780 0.115767643896 -0.069756473750 0.000000000002 0.997564050259
-0.030459030858 0.026106036928 0.110314431191 -0.069756473750 0.000000000002 0.997564050259
-0.034658260307 0.021429029350 0.110180171036 -0.069756473750 0.000000000002 0.997564050259
-0.035924916540 0.018582576660 0.104175107743 -0.069756473750 0.000000000002 0.997564050259
0.000000000000 0.000000000000 0.000000000000 0.000000000000 0.000000000000 0.000000000000
-0.032111115898 0.023578604445 0.104635277686 -0.069756473750 0.000000000002 0.997564050259
-0.027318228964 0.028112719208 0.104679246970 -0.069756473750 0.000000000002 0.997564050259
-0.022317324007 0.032228940390 0.104778545010 -0.069756473750 0.000000000002 0.997564050259
0.000000000000 0.000000000000 0.000000000000 0.000000000000 0.000000000000 0.000000000000
-0.025294684534 0.030335586704 0.110327932743 -0.069756473750 0.000000000002 0.997564050259
-0.020102563787 0.033956451663 0.125649778524 -0.069756473742 0.392787359373 0.916979893284
-0.025723054782 0.030641678820 0.125323541739 -0.069756473742 0.392787359373 0.916979893284
-0.022626339879 0.032463795426 0.119877209258 -0.069756473742 0.392787359373 0.916979893284
-0.017097728431 0.035472925811 0.120204050390 -0.069756473742 0.392787359373 0.916979893284
-0.019665290923 0.034199494669 0.114779534595 -0.069756473742 0.392787359373 0.916979893284
-0.016408101960 0.035614542263 0.109127787251 -0.069756473742 0.392787359373 0.916979893284
0.000000000000 0.000000000000 0.000000000000 0.000000000000 0.000000000000 0.000000000000
-0.013494365368 0.037033057260 0.114938857165 -0.069756473742 0.392787359373 0.916979893284
-0.010852068638 0.037753811606 0.120472070146 -0.069756473742 0.392787359373 0.916979893284
-0.008203164791 0.038276363256 0.126496839247 -0.069756473742 0.392787359373 0.916979893284
0.000000000000 0.000000000000 0.000000000000 0.000000000000 0.000000000000 0.000000000000
-0.014442146259 0.036377285084 0.126055039326 -0.069756473742 0.392787359373 0.916979893284
0.002515477033 0.038885539020 0.117057085442 -0.069756473738 0.731473108926 0.678292802033
-0.001020111713 0.038944468812 0.122570925644 -0.069756473738 0.731473108926 0.678292802033
-0.003842830267 0.038945240038 0.116890414582 -0.069756473738 0.731473108926 0.678292802033
-0.000337697514 0.038927381600 0.111356435430 -0.069756473738 0.731473108926 0.678292802033
-0.006831953991 0.038681402074 0.111082670776 -0.069756473738 0.731473108926 0.678292802033
-0.009914025302 0.038153973534 0.105285463321 -0.069756473738 0.731473108926 0.678292802033
0.000000000000 0.000000000000 0.000000000000 0.000000000000 0.000000000000 0.000000000000
-0.003292075788 0.038921142047 0.105610528018 -0.069756473738 0.731473108926 0.678292802033
0.002988658976 0.038857547660 0.105871387124 -0.069756473738 0.731473108926 0.678292802033
0.009410070951 0.038049225284 0.106219636948 -0.069756473738 0.731473108926 0.678292802033
0.000000000000 0.000000000000 0.000000000000 0.000000000000 0.000000000000 0.000000000000
0.005981110182 0.038555338402 0.111639710981 -0.069756473738 0.731473108926 0.678292802033
0.021164000582 0.032797784723 0.122275235209 -0.069756473741 0.751086405149 0.656508374944
0.023751325391 0.031536297177 0.128083360193 -0.069756473741 0.751086405149 0.656508374944
0.018012069660 0.034727360734 0.127512140457 -0.069756473741 0.751086405149 0.656508374944
0.015264283366 0.035821762949 0.121743622752 -0.069756473741 0.751086405149 0.656508374944
0.011966919196 0.037232501766 0.127089250084 -0.069756473741 0.751086405149 0.656508374944
0.005764023136 0.038777564558 0.126904874065 -0.069756473741 0.751086405149 0.656508374944
0.000000000000 0.000000000000 0.000000000000 0.000000000000 0.000000000000 0.000000000000
0.009134867218 0.037980003921 0.121446895792 -0.069756473741 0.751086405149 0.656508374944
0.012642892338 0.037089664310 0.116066534942 -0.069756473741 0.751086405149 0.656508374944
0.015958328404 0.035621869455 0.110367385477 -0.069756473741 0.751086405149 0.656508374944
0.000000000000 0.000000000000 0.000000000000 0.000000000000 0.000000000000 0.000000000000
0.018501688254 0.034267915422 0.116277459754 -0.069756473741 0.751086405149 0.656508374944
0.031350791320 0.024051342616 0.118772816364 -0.069756473750 0.000000000003 0.997564050259
0.028919346201 0.026646418180 0.124324108254 -0.069756473750 0.000000000003 0.997564050259
0.026740640494 0.028690848430 0.118494698031 -0.069756473750 0.000000000003 0.997564050259
0.029332807508 0.026212144068 0.113054548627 -0.069756473750 0.000000000003 0.997564050259
0.024507609024 0.030706168972 0.112744176062 -0.069756473750 0.000000000003 0.997564050259
0.022122656422 0.032535637363 0.106879261913 -0.069756473750 0.000000000003 0.997564050259
0.000000000000 0.000000000000 0.000000000000 0.000000000000 0.000000000000 0.000000000000
0.027177450119 0.028349673366 0.107246036885 -0.069756473750 0.000000000003 0.997564050259
0.031703966509 0.023711775635 0.107547727691 -0.069756473750 0.000000000003 0.997564050259
0.035520538334 0.018445224745 0.107870674969 -0.069756473750 0.000000000003 0.997564050259
0.000000000000 0.000000000000 0.000000000000 0.000000000000 0.000000000000 0.000000000000
0.033584864404 0.021449022972 0.113287968592 -0.069756473750 0.000000000003 0.997564050259
0.034266749467 0.020574926867 0.094019271299 -0.069756473742 0.418602958592 0.905486387213
0.035833013214 0.018017142865 0.099886434487 -0.069756473742 0.418602958592 0.905486387213
0.032040192891 0.023370091677 0.099597370764 -0.069756473742 0.418602958592 0.905486387213
0.030056534056 0.025611007163 0.093741215178 -0.069756473742 0.418602958592 0.905486387213
0.027560315133 0.028074625603 0.099336918695 -0.069756473742 0.418602958592 0.905486387213
0.022459244945 0.032312294856 0.098955674418 -0.069756473742 0.418602958592 0.905486387213
0.000000000000 0.000000000000 0.000000000000 0.000000000000 0.000000000000 0.000000000000
0.025343532351 0.030113208325 0.093530400773 -0.069756473742 0.418602958592 0.905486387213
0.028051896544 0.027763271541 0.087898520943 -0.069756473742 0.418602958592 0.905486387213
0.030761087487 0.025325130871 0.082543836434 -0.069756473742 0.418602958592 0.905486387213
0.000000000000 0.000000000000 0.000000000000 0.000000000000 0.000000000000 0.000000000000
0.032397005878 0.023003016084 0.088296418560 -0.069756473742 0.418602958592 0.905486387213
0.020009471902 0.033983419108 0.077691233074 -0.069756473745 0.432795716784 0.898789130945
0.025469815419 0.030272687226 0.077929202104 -0.069756473745 0.432795716784 0.898789130945
0.022457072333 0.032156824577 0.083479637837 -0.069756473745 0.432795716784 0.898789130945
0.016852951190 0.035422032631 0.083036708674 -0.069756473745 0.432795716784 0.898789130945
0.019497602482 0.034050988748 0.088797780955 -0.069756473745 0.432795716784 0.898789130945
0.016467716930 0.035564519199 0.094449210991 -0.069756473745 0.432795716784 0.898789130945
0.000000000000 0.000000000000 0.000000000000 0.000000000000 0.000000000000 0.000000000000
0.013667632702 0.036796988816 0.088778194436 -0.069756473745 0.432795716784 0.898789130945
0.010911901398 0.037833885319 0.082949475651 -0.069756473745 0.432795716784 0.898789130945
0.007921471164 0.038629982903 0.077165452166 -0.069756473745 0.432795716784 0.898789130945
0.000000000000 0.000000000000 0.000000000000 0.000000000000 0.000000000000 0.000000000000
0.014164222952 0.036728143511 0.077421940821 -0.069756473745 0.432795716784 0.898789130945
0.023389354100 0.032195160617 0.064223480169 -0.069756473750 0.000000000003 0.997564050259
0.025778459282 0.030224985275 0.069950508626 -0.069756473750 0.000000000003 0.997564050259
0.020435771717 0.033859475635 0.069619723403 -0.069756473750 0.000000000003 0.997564050259
0.017601482271 0.035385485121 0.063886320379 -0.069756473750 0.000000000003 0.997564050259
0.014516268332 0.036764108885 0.069335902509 -0.069756473750 0.000000000003 0.997564050259
0.008278351449 0.038734823410 0.069159463725 -0.069756473750 0.000000000003 0.997564050259
0.000000000000 0.000000000000 0.000000000000 0.000000000000 0.000000000000 0.000000000000
0.011702740806 0.037832933201 0.063684074044 -0.069756473750 0.000000000003 0.997564050259
0.014954017016 0.036735575157 0.058084825505 -0.069756473750 0.000000000003 0.997564050259
0.018123210888 0.035530928393 0.052575778756 -0.069756473750 0.000000000003 0.997564050259
0.000000000000 0.000000000000 0.000000000000 0.000000000000 0.000000000000 0.000000000000
0.020889816002 0.034003381385 0.058357917719 -0.069756473750 0.000000000003 0.997564050259
0.005426598507 0.039074036720 0.048075455439 -0.069756473747 -0.432795716776 0.898789130948
0.011821385808 0.038069177805 0.048421303507 -0.069756473747 -0.432795716776 0.898789130948
0.008456570247 0.038721746314 0.053740035575 -0.069756473747 -0.432795716776 0.898789130948
0.001984020718 0.039077951548 0.053680191400 -0.069756473747 -0.432795716776 0.898789130948
0.004926650041 0.038997782257 0.059295668111 -0.069756473747 -0.432795716776 0.898789130948
0.001429834283 0.039030258451 0.064898995228 -0.069756473747 -0.432795716776 0.898789130948
0.000000000000 0.000000000000 0.000000000000 0.000000000000 0.000000000000 0.000000000000
-0.001584733300 0.039032310579 0.058995441392 -0.069756473747 -0.432795716776 0.898789130948
-0.004320548209 0.038880104918 0.053389473456 -0.069756473747 -0.432795716776 0.898789130948
-0.007500311029 0.038368900304 0.047614009140 -0.069756473747 -0.432795716776 0.898789130948
0.000000000000 0.000000000000 0.000000000000 0.000000000000 0.000000000000 0.000000000000
-0.000989177685 0.039141097771 0.047928400803 -0.069756473747 -0.432795716776 0.898789130948
-0.017134424867 0.033974104478 0.056880474266 -0.069756473750 -0.418602958594 0.905486387212
-0.014011821282 0.035557289522 0.051240895574 -0.069756473750 -0.418602958594 0.905486387212
-0.011325139842 0.036957718783 0.057106868930 -0.069756473750 -0.418602958594 0.905486387212
-0.014292657453 0.035543480803 0.062599439896 -0.069756473750 -0.418602958594 0.905486387212
-0.008426477226 0.037930940347 0.062859093326 -0.069756473750 -0.418602958594 0.905486387212
-0.005430503296 0.038635028375 0.068465044490 -0.069756473750 -0.418602958594 0.905486387212
0.000000000000 0.000000000000 0.000000000000 0.000000000000 0.000000000000 0.000000000000
-0.011553230854 0.036836141983 0.068323625774 -0.069756473750 -0.418602958594 0.905486387212
-0.017523804314 0.033928824086 0.068135788696 -0.069756473750 -0.418602958594 0.905486387212
-0.022806711672 0.030315656918 0.067605023648 -0.069756473750 -0.418602958594 0.905486387212
0.000000000000 0.000000000000 0.000000000000 0.000000000000 0.000000000000 0.000000000000
-0.020117847510 0.032186708959 0.062382162562 -0.069756473750 -0.418602958594 0.905486387212
-0.028602635465 0.019700288750 0.052489416639 -0.069756473740 -0.751086405151 0.656508374942
-0.029557900038 0.016706974003 0.046643836818 -0.069756473740 -0.751086405151 0.656508374942
-0.025934347269 0.022375222153 0.047272676888 -0.069756473740 -0.751086405151 0.656508374942
-0.024734584881 0.025032120765 0.052932533461 -0.069756473740 -0.751086405151 0.656508374942
-0.024727137223 0.027797185319 0.047140894887 -0.069756473740 -0.751086405151 0.656508374942
-0.019902691510 0.032163485133 0.046955589710 -0.069756473740 -0.751086405151 0.656508374942
0.000000000000 0.000000000000 0.000000000000 0.000000000000 0.000000000000 0.000000000000
-0.022708555136 0.030201423126 0.052895821507 -0.069756473740 -0.751086405151 0.656508374942
-0.022877293365 0.027458422548 0.058621676075 -0.069756473740 -0.751086405151 0.656508374942
-0.025615451532 0.025231882620 0.064189273341 -0.069756473740 -0.751086405151 0.656508374942
0.000000000000 0.000000000000 0.000000000000 0.000000000000 0.000000000000 0.000000000000
-0.027645035233 0.022644459577 0.058182181299 -0.069756473740 -0.751086405151 0.656508374942
-0.012573524930 0.036801607239 0.087858764643 -0.069756473745 -0.731473108917 0.678292802042
-0.015839846309 0.035377944938 0.093096604168 -0.069756473745 -0.731473108917 0.678292802042
-0.018334177651 0.034070385789 0.087476239120 -0.069756473745 -0.731473108917 0.678292802042
-0.015250597471 0.035446251407 0.081805355019 -0.069756473745 -0.731473108917 0.678292802042
-0.020947336586 0.032434615198 0.081739327370 -0.069756473745 -0.731473108917 0.678292802042
-0.023308372884 0.030486218060 0.075827364516 -0.069756473745 -0.731473108917 0.678292802042
0.000000000000 0.000000000000 0.000000000000 0.000000000000 0.000000000000 0.000000000000
-0.017896882125 0.034009572627 0.076190818987 -0.069756473745 -0.731473108917 0.678292802042
-0.011796070927 0.036820060066 0.076557089819 -0.069756473745 -0.731473108917 0.678292802042
-0.005744551034 0.038531583414 0.076661465565 -0.069756473745 -0.731473108917 0.678292802042
0.000000000000 0.000000000000 0.000000000000 0.000000000000 0.000000000000 0.000000000000
-0.009132286476 0.037821427075 0.082201654949 -0.069756473745 -0.731473108917 0.678292802042
-0.002965434294 0.038763983209 0.097539607959 -0.069756473747 -0.790928419754 0.607919623960
-0.009777537574 0.037479827278 0.097305085025 -0.069756473747 -0.790928419754 0.607919623960
-0.006074559304 0.038509923464 0.091838294471 -0.069756473747 -0.790928419754 0.607919623960
0.000362807422 0.038930853893 0.092041670976 -0.069756473747 -0.790928419754 0.607919623960
-0.002688472478 0.038992977324 0.086422383869 -0.069756473747 -0.790928419754 0.607919623960
0.000854408711 0.039115286997 0.080870490657 -0.069756473747 -0.790928419754 0.607919623960
0.000000000000 0.000000000000 0.000000000000 0.000000000000 0.000000000000 0.000000000000
0.003965978804 0.038832700841 0.086569174641 -0.069756473747 -0.790928419754 0.607919623960
0.006837498488 0.038566155517 0.092502495281 -0.069756473747 -0.790928419754 0.607919623960
0.009882601020 0.037860236777 0.098207914336 -0.069756473747 -0.790928419754 0.607919623960
0.000000000000 0.000000000000 0.000000000000 0.000000000000 0.000000000000 0.000000000000
0.003442703804 0.038841083928 0.097959954333 -0.069756473747 -0.790928419754 0.607919623960
-0.034024588587 0.007535940715 0.056276968596 -0.069756473753 -0.972868805277 0.220590847701
-0.032325888414 0.010438399970 0.050564361954 -0.069756473753 -0.972868805277 0.220590847701
-0.032210831575 0.013806297303 0.056369996357 -0.069756473753 -0.972868805277 0.220590847701
-0.033958187998 0.011022350344 0.061869824973 -0.069756473753 -0.972868805277 0.220590847701
-0.031553919355 0.016998287295 0.061914261134 -0.069756473753 -0.972868805277 0.220590847701
-0.030672238423 0.020140704706 0.067636712299 -0.069756473753 -0.972868805277 0.220590847701
0.000000000000 0.000000000000 0.000000000000 0.000000000000 0.000000000000 0.000000000000
-0.033722588626 0.014247984653 0.067564276910 -0.069756473753 -0.972868805277 0.220590847701
-0.035605310330 0.008046510176 0.067470051233 -0.069756473753 -0.972868805277 0.220590847701
-0.036760582784 0.001645152326 0.067512230516 -0.069756473753 -0.972868805277 0.220590847701
0.000000000000 0.000000000000 0.000000000000 0.000000000000 0.000000000000 0.000000000000
-0.035470026475 0.004644373421 0.061880403970 -0.069756473753 -0.972868805277 0.220590847701
-0.038023643673 0.005304406785 0.080891837484 -0.069756473752 -0.961426447239 0.266069954935
-0.037683470657 0.001797564882 0.075243509623 -0.069756473752 -0.961426447239 0.266069954935
-0.036431196349 0.008238692633 0.075307055179 -0.069756473752 -0.961426447239 0.266069954935
-0.036226449590 0.011613895305 0.080825648980 -0.069756473752 -0.961426447239 0.266069954935
-0.034396612831 0.014461724646 0.075323618778 -0.069756473752 -0.961426447239 0.266069954935
-0.031540181900 0.020166002250 0.075605670378 -0.069756473752 -0.961426447239 0.266069954935
0.000000000000 0.000000000000 0.000000000000 0.000000000000 0.000000000000 0.000000000000
-0.033905087391 0.017553948780 0.081194378678 -0.069756473752 -0.961426447239 0.266069954935
-0.035834614793 0.014852504133 0.086658926388 -0.069756473752 -0.961426447239 0.266069954935
-0.037710421028 0.012119819744 0.092294554348 -0.069756473752 -0.961426447239 0.266069954935
0.000000000000 0.000000000000 0.000000000000 0.000000000000 0.000000000000 0.000000000000
-0.038074243187 0.008769714272 0.086532397419 -0.069756473752 -0.961426447239 0.266069954935
0.000000000000 0.000000000000 0.000000000000 0.000000000000 0.000000000000 0.000000000000
0.000000000000 0.000000000000 0.000000000000 0.000000000000 0.000000000000 0.000000000000
0.000000000000 0.000000000000 0.000000000000 0.000000000000 0.000000000000 0.000000000000
0.000000000000 0.000000000000 0.000000000000 0.000000000000 0.000000000000 0.000000000000
0.000000000000 0.000000000000 0.000000000000 0.000000000000 0.000000000000 0.000000000000
0.000000000000 0.000000000000 0.000000000000 0.000000000000 0.000000000000 0.000000000000
0.000000000000 0.000000000000 0.000000000000 0.000000000000 0.000000000000 0.000000000000
0.000000000000 0.000000000000 0.000000000000 0.000000000000 0.000000000000 0.000000000000
0.000000000000 0.000000000000 0.000000000000 0.000000000000 0.000000000000 0.000000000000
0.000000000000 0.000000000000 0.000000000000 0.000000000000 0.000000000000 0.000000000000
0.000000000000 0.000000000000 0.000000000000 0.000000000000 0.000000000000 0.000000000000
0.000000000000 0.000000000000 0.000000000000 0.000000000000 0.000000000000 0.000000000000
0.000000000000 0.000000000000 0.000000000000 0.000000000000 0.000000000000 0.000000000000
0.000000000000 0.000000000000 0.000000000000 0.000000000000 0.000000000000 0.000000000000
0.000000000000 0.000000000000 0.000000000000 0.000000000000 0.000000000000 0.000000000000
0.000000000000 0.000000000000 0.000000000000 0.000000000000 0.000000000000 0.000000000000
0.000000000000 0.000000000000 0.000000000000 0.000000000000 0.000000000000 0.000000000000
0.000000000000 0.000000000000 0.000000000000 0.000000000000 0.000000000000 0.000000000000
0.000000000000 0.000000000000 0.000000000000 0.000000000000 0.000000000000 0.000000000000
0.000000000000 0.000000000000 0.000000000000 0.000000000000 0.000000000000 0.000000000000
0.000000000000 0.000000000000 0.000000000000 0.000000000000 0.000000000000 0.000000000000
0.000000000000 0.000000000000 0.000000000000 0.000000000000 0.000000000000 0.000000000000
0.000000000000 0.000000000000 0.000000000000 0.000000000000 0.000000000000 0.000000000000
0.000000000000 0.000000000000 0.000000000000 0.000000000000 0.000000000000 0.000000000000
0.000000000000 0.000000000000 0.000000000000 0.000000000000 0.000000000000 0.000000000000
0.000000000000 0.000000000000 0.000000000000 0.000000000000 0.000000000000 0.000000000000
0.000000000000 0.000000000000 0.000000000000 0.000000000000 0.000000000000 0.000000000000
0.000000000000 0.000000000000 0.000000000000 0.000000000000 0.000000000000 0.000000000000
0.000000000000 0.000000000000 0.000000000000 0.000000000000 0.000000000000 0.000000000000
0.000000000000 0.000000000000 0.000000000000 0.000000000000 0.000000000000 0.000000000000
0.000000000000 0.000000000000 0.000000000000 0.000000000000 0.000000000000 0.000000000000
0.000000000000 0.000000000000 0.000000000000 0.000000000000 0.000000000000 0.000000000000
0.000000000000 0.000000000000 0.000000000000 0.000000000000 0.000000000000 0.000000000000
0.000000000000 0.000000000000 0.000000000000 0.000000000000 0.000000000000 0.000000000000
0.000000000000 0.000000000000 0.000000000000 0.000000000000 0.000000000000 0.000000000000
0.000000000000 0.000000000000 0.000000000000 0.000000000000 0.000000000000 0.000000000000
0.013433607249 -0.039358697567 0.083333099949 -0.069756473753 -0.249266852380 -0.965919287867
0.018929828777 -0.036586977383 0.081171413229 -0.069756473753 -0.249266852380 -0.965919287867
0.014270141436 -0.038461056924 0.076822427441 -0.069756473753 -0.249266852380 -0.965919287867
0.008573271680 -0.040283197297 0.079050601948 -0.069756473753 -0.249266852380 -0.965919287867
0.009512772609 -0.039512289586 0.072637018914 -0.069756473753 -0.249266852380 -0.965919287867
0.004426424112 -0.039716957248 0.068577775349 -0.069756473753 -0.249266852380 -0.965919287867
0.000000000000 0.000000000000 0.000000000000 0.000000000000 0.000000000000 0.000000000000
0.003547521834 -0.040769973974 0.074796787090 -0.069756473753 -0.249266852380 -0.965919287867
0.002633677433 -0.041681986400 0.081211687762 -0.069756473753 -0.249266852380 -0.965919287867
0.001612092915 -0.042597929486 0.087520883758 -0.069756473753 -0.249266852380 -0.965919287867
0.000000000000 0.000000000000 0.000000000000 0.000000000000 0.000000000000 0.000000000000
0.007633575545 -0.041332488566 0.085368037599 -0.069756473753 -0.249266852380 -0.965919287867
-0.011107903552 -0.040500072577 0.082472185447 -0.069756473753 -0.497315826509 -0.864760662307
-0.006165616206 -0.042081003829 0.086596222900 -0.069756473753 -0.497315826509 -0.864760662307
-0.005220203311 -0.041450120132 0.079933660922 -0.069756473753 -0.497315826509 -0.864760662307
-0.009890571541 -0.039510127912 0.076001700352 -0.069756473753 -0.497315826509 -0.864760662307
-0.004230627206 -0.040455661456 0.073697346217 -0.069756473753 -0.497315826509 -0.864760662307
-0.003265470859 -0.039480460255 0.067414865241 -0.069756473753 -0.497315826509 -0.864760662307
0.000000000000 0.000000000000 0.000000000000 0.000000000000 0.000000000000 0.000000000000
-0.009095690396 -0.038688393625 0.069678437635 -0.069756473753 -0.497315826509 -0.864760662307
-0.014861406873 -0.037100925219 0.072428517210 -0.069756473753 -0.497315826509 -0.864760662307
-0.020375008027 -0.034857997671 0.075298991720 -0.069756473753 -0.497315826509 -0.864760662307
0.000000000000 0.000000000000 0.000000000000 0.000000000000 0.000000000000 0.000000000000
-0.015853743891 -0.037961905235 0.078827697673 -0.069756473753 -0.497315826509 -0.864760662307
-0.011749343974 -0.036459404732 0.062713953300 -0.069756473746 -0.861569427546 -0.502824179897
-0.005966645762 -0.037823901847 0.060177290022 -0.069756473746 -0.861569427546 -0.502824179897
-0.010687506747 -0.035624116883 0.056409545830 -0.069756473746 -0.861569427546 -0.502824179897
-0.016161495640 -0.033534006128 0.058986886270 -0.069756473746 -0.861569427546 -0.502824179897
-0.015217113101 -0.032592885468 0.052675924975 -0.069756473746 -0.861569427546 -0.502824179897
-0.019210885617 -0.028774011598 0.049224454461 -0.069756473746 -0.861569427546 -0.502824179897
0.000000000000 0.000000000000 0.000000000000 0.000000000000 0.000000000000 0.000000000000
-0.020333673316 -0.029643918036 0.055640070922 -0.069756473746 -0.861569427546 -0.502824179897
-0.021346922441 -0.030640704955 0.062025205655 -0.069756473746 -0.861569427546 -0.502824179897
-0.022414357180 -0.031573562678 0.068517877125 -0.069756473746 -0.861569427546 -0.502824179897
0.000000000000 0.000000000000 0.000000000000 0.000000000000 0.000000000000 0.000000000000
-0.017298975867 -0.034355785413 0.065452894879 -0.069756473746 -0.861569427546 -0.502824179897
0.025154937730 -0.031360950426 0.062512141348 -0.069756473747 -0.265583356361 -0.961560978407
0.026025386550 -0.030354099883 0.056137079432 -0.069756473747 -0.265583356361 -0.961560978407
0.021056418387 -0.033804377565 0.058258014852 -0.069756473747 -0.265583356361 -0.961560978407
0.020023913138 -0.034696482853 0.064550727171 -0.069756473747 -0.265583356361 -0.961560978407
0.015491910570 -0.036405215473 0.060246536423 -0.069756473747 -0.265583356361 -0.961560978407
0.009503435181 -0.038084633174 0.062543119469 -0.069756473747 -0.265583356361 -0.961560978407
0.000000000000 0.000000000000 0.000000000000 0.000000000000 0.000000000000 0.000000000000
0.014412038013 -0.037362783978 0.066740517396 -0.069756473747 -0.265583356361 -0.961560978407
0.019027916430 -0.035758916002 0.071005549961 -0.069756473747 -0.265583356361 -0.961560978407
0.023323763596 -0.033348181847 0.075335513388 -0.069756473747 -0.265583356361 -0.961560978407
0.000000000000 0.000000000000 0.000000000000 0.000000000000 0.000000000000 0.000000000000
0.024254302032 -0.032309777909 0.068941102469 -0.069756473747 -0.265583356361 -0.961560978407
0.034521380492 -0.021032729975 0.062176953663 -0.069756473738 0.265583356359 -0.961560978408
0.031623874199 -0.024919826413 0.057798062754 -0.069756473738 0.265583356359 -0.961560978408
0.030846631906 -0.026088994701 0.064262208176 -0.069756473738 0.265583356359 -0.961560978408
0.033229384026 -0.022376833651 0.069054861208 -0.069756473738 0.265583356359 -0.961560978408
0.030015603630 -0.027253687471 0.070609462825 -0.069756473738 0.265583356359 -0.961560978408
0.029240753389 -0.028531637222 0.076731045369 -0.069756473738 0.265583356359 -0.961560978408
0.000000000000 0.000000000000 0.000000000000 0.000000000000 0.000000000000 0.000000000000
0.032691433771 -0.023152793525 0.075381184502 -0.069756473738 0.265583356359 -0.961560978408
0.035761700920 -0.017903398349 0.073415729437 -0.069756473738 0.265583356359 -0.961560978408
0.037740426954 -0.011940005289 0.071304003974 -0.069756473738 0.265583356359 -0.961560978408
0.000000000000 0.000000000000 0.000000000000 0.000000000000 0.000000000000 0.000000000000
0.036583783830 -0.016621778380 0.067070337353 -0.069756473738 0.265583356359 -0.961560978408
0.000000000000 0.000000000000 0.000000000000 0.000000000000 0.000000000000 0.000000000000
0.000000000000 0.000000000000 0.000000000000 0.000000000000 0.000000000000 0.000000000000
0.000000000000 0.000000000000 0.000000000000 0.000000000000 0.000000000000 0.000000000000
0.000000000000 0.000000000000 0.000000000000 0.000000000000 0.000000000000 0.000000000000
0.000000000000 0.000000000000 0.000000000000 0.000000000000 0.000000000000 0.000000000000
0.000000000000 0.000000000000 0.000000000000 0.000000000000 0.000000000000 0.000000000000
0.000000000000 0.000000000000 0.000000000000 0.000000000000 0.000000000000 0.000000000000
0.000000000000 0.000000000000 0.000000000000 0.000000000000 0.000000000000 0.000000000000
0.000000000000 0.000000000000 0.000000000000 0.000000000000 0.000000000000 0.000000000000
0.000000000000 0.000000000000 0.000000000000 0.000000000000 0.000000000000 0.000000000000
0.000000000000 0.000000000000 0.000000000000 0.000000000000 0.000000000000 0.000000000000
0.000000000000 0.000000000000 0.000000000000 0.000000000000 0.000000000000 0.000000000000
0.018599476584 -0.034380168946 0.050755107291 -0.069756473745 0.249266852384 -0.965919287867
0.023934035216 -0.031374865477 0.048755510937 -0.069756473745 0.249266852384 -0.965919287867
0.019567211109 -0.033402790894 0.044414545508 -0.069756473745 0.249266852384 -0.965919287867
0.013910775543 -0.035580065034 0.046472337356 -0.069756473745 0.249266852384 -0.965919287867
0.014807871034 -0.034680903032 0.040115989453 -0.069756473745 0.249266852384 -0.965919287867
0.009870785357 -0.035225177201 0.036040761664 -0.069756473745 0.249266852384 -0.965919287867
0.000000000000 0.000000000000 0.000000000000 0.000000000000 0.000000000000 0.000000000000
0.008835685354 -0.036140931863 0.042325957904 -0.069756473745 0.249266852384 -0.965919287867
0.007859049369 -0.037143355390 0.048680912062 -0.069756473745 0.249266852384 -0.965919287867
0.006779333305 -0.037938874475 0.055173837873 -0.069756473745 0.249266852384 -0.965919287867
0.000000000000 0.000000000000 0.000000000000 0.000000000000 0.000000000000 0.000000000000
0.012834098206 -0.036541479896 0.052837417943 -0.069756473745 0.249266852384 -0.965919287867
-0.006007909901 -0.035904229063 0.049956643647 -0.069756473741 0.497315826510 -0.864760662307
-0.001079411545 -0.037638331127 0.053766026815 -0.069756473741 0.497315826510 -0.864760662307
-0.000054523843 -0.036857571493 0.047352493368 -0.069756473741 0.497315826510 -0.864760662307
-0.004878125986 -0.035102809687 0.043550033019 -0.069756473741 0.497315826510 -0.864760662307
0.000920703404 -0.036084845012 0.041068314032 -0.069756473741 0.497315826510 -0.864760662307
0.001906013527 -0.035223107794 0.034613916464 -0.069756473741 0.497315826510 -0.864760662307
0.000000000000 0.000000000000 0.000000000000 0.000000000000 0.000000000000 0.000000000000
-0.003971194047 -0.034228112381 0.037176433219 -0.069756473741 0.497315826510 -0.864760662307
-0.009691355919 -0.032593969670 0.039902923176 -0.069756473741 0.497315826510 -0.864760662307
-0.015065400650 -0.030015971196 0.042851969183 -0.069756473741 0.497315826510 -0.864760662307
0.000000000000 0.000000000000 0.000000000000 0.000000000000 0.000000000000 0.000000000000
-0.010688302088 -0.033391746881 0.046330123092 -0.069756473741 0.497315826510 -0.864760662307
0.000000000000 0.000000000000 0.000000000000 0.000000000000 0.000000000000 0.000000000000
0.000000000000 0.000000000000 0.000000000000 0.000000000000 0.000000000000 0.000000000000
0.000000000000 0.000000000000 0.000000000000 0.000000000000 0.000000000000 0.000000000000
0.000000000000 0.000000000000 0.000000000000 0.000000000000 0.000000000000 0.000000000000
0.000000000000 0.000000000000 0.000000000000 0.000000000000 0.000000000000 0.000000000000
0.000000000000 0.000000000000 0.000000000000 0.000000000000 0.000000000000 0.000000000000
0.000000000000 0.000000000000 0.000000000000 0.000000000000 0.000000000000 0.000000000000
0.000000000000 0.000000000000 0.000000000000 0.000000000000 0.000000000000 0.000000000000
0.000000000000 0.000000000000 0.000000000000 0.000000000000 0.000000000000 0.000000000000
0.000000000000 0.000000000000 0.000000000000 0.000000000000 0.000000000000 0.000000000000
0.000000000000 0.000000000000 0.000000000000 0.000000000000 0.000000000000 0.000000000000
0.000000000000 0.000000000000 0.000000000000 0.000000000000 0.000000000000 0.000000000000
0.000000000000 0.000000000000 0.000000000000 0.000000000000 0.000000000000 0.000000000000
0.000000000000 0.000000000000 0.000000000000 0.000000000000 0.000000000000 0.000000000000
0.000000000000 0.000000000000 0.000000000000 0.000000000000 0.000000000000 0.000000000000
0.000000000000 0.000000000000 0.000000000000 0.000000000000 0.000000000000 0.000000000000
0.000000000000 0.000000000000 0.000000000000 0.000000000000 0.000000000000 0.000000000000
0.000000000000 0.000000000000 0.000000000000 0.000000000000 0.000000000000 0.000000000000
0.000000000000 0.000000000000 0.000000000000 0.000000000000 0.000000000000 0.000000000000
0.000000000000 0.000000000000 0.000000000000 0.000000000000 0.000000000000 0.000000000000
0.000000000000 0.000000000000 0.000000000000 0.000000000000 0.000000000000 0.000000000000
0.000000000000 0.000000000000 0.000000000000 0.000000000000 0.000000000000 0.000000000000
0.000000000000 0.000000000000 0.000000000000 0.000000000000 0.000000000000 0.000000000000
0.000000000000 0.000000000000 0.000000000000 0.000000000000 0.000000000000 0.000000000000
0.000000000000 0.000000000000 0.000000000000 0.000000000000 0.000000000000 0.000000000000
0.000000000000 0.000000000000 0.000000000000 0.000000000000 0.000000000000 0.000000000000
0.000000000000 0.000000000000 0.000000000000 0.000000000000 0.000000000000 0.000000000000
0.000000000000 0.000000000000 0.000000000000 0.000000000000 0.000000000000 0.000000000000
0.000000000000 0.000000000000 0.000000000000 0.000000000000 0.000000000000 0.000000000000
0.000000000000 0.000000000000 0.000000000000 0.000000000000 0.000000000000 0.000000000000
0.000000000000 0.000000000000 0.000000000000 0.000000000000 0.000000000000 0.000000000000
0.000000000000 0.000000000000 0.000000000000 0.000000000000 0.000000000000 0.000000000000
0.000000000000 0.000000000000 0.000000000000 0.000000000000 0.000000000000 0.000000000000
0.000000000000 0.000000000000 0.000000000000 0.000000000000 0.000000000000 0.000000000000
0.000000000000 0.000000000000 0.000000000000 0.000000000000 0.000000000000 0.000000000000
0.000000000000 0.000000000000 0.000000000000 0.000000000000 0.000000000000 0.000000000000
0.000000000000 0.000000000000 0.000000000000 0.000000000000 0.000000000000 0.000000000000
0.000000000000 0.000000000000 0.000000000000 0.000000000000 0.000000000000 0.000000000000
0.000000000000 0.000000000000 0.000000000000 0.000000000000 0.000000000000 0.000000000000
0.000000000000 0.000000000000 0.000000000000 0.000000000000 0.000000000000 0.000000000000
0.000000000000 0.000000000000 0.000000000000 0.000000000000 0.000000000000 0.000000000000
0.000000000000 0.000000000000 0.000000000000 0.000000000000 0.000000000000 0.000000000000
0.000000000000 0.000000000000 0.000000000000 0.000000000000 0.000000000000 0.000000000000
0.000000000000 0.000000000000 0.000000000000 0.000000000000 0.000000000000 0.000000000000
0.000000000000 0.000000000000 0.000000000000 0.000000000000 0.000000000000 0.000000000000
0.000000000000 0.000000000000 0.000000000000 0.000000000000 0.000000000000 0.000000000000
0.000000000000 0.000000000000 0.000000000000 0.000000000000 0.000000000000 0.000000000000
0.000000000000 0.000000000000 0.000000000000 0.000000000000 0.000000000000 0.000000000000
-0.030608298795 -0.020636543710 0.065205429795 -0.069756473741 0.861569427550 -0.502824179890
-0.028182486569 -0.025955675612 0.068095020582 -0.069756473741 0.861569427550 -0.502824179890
-0.027065690928 -0.025078176932 0.061768419485 -0.069756473741 0.861569427550 -0.502824179890
-0.029549300038 -0.019923346005 0.058782419858 -0.069756473741 0.861569427550 -0.502824179890
-0.025946744431 -0.024114867644 0.055366929007 -0.069756473741 0.861569427550 -0.502824179890
-0.024721995398 -0.023231702038 0.048951675206 -0.069756473741 0.861569427550 -0.502824179890
0.000000000000 0.000000000000 0.000000000000 0.000000000000 0.000000000000 0.000000000000
-0.028420839475 -0.018918730913 0.052541553213 -0.069756473741 0.861569427550 -0.502824179890
-0.031499799841 -0.014457217615 0.055881969266 -0.069756473741 0.861569427550 -0.502824179890
-0.033451252847 -0.009110482231 0.059830317095 -0.069756473741 0.861569427550 -0.502824179890
0.000000000000 0.000000000000 0.000000000000 0.000000000000 0.000000000000 0.000000000000
-0.032463555867 -0.015193368806 0.062346591877 -0.069756473741 0.861569427550 -0.502824179890
