name    rightHand
spatial_sampling    taxel
taxel2Repr ( 3 3 3 3 3 3 -2 3 3 3 -2 3 15 15 15 15 15 15 -2 15 15 15 -2 15 27 27 27 27 27 27 -2 27 27 27 -2 27 39 39 39 39 39 39 -2 39 39 39 -2 39 51 51 51 51 51 51 -2 51 51 51 -2 51 63 63 63 63 63 63 -2 63 63 63 -2 63 75 75 75 75 75 75 -2 75 75 75 -2 75 87 87 87 87 87 87 -2 87 87 87 -2 87 99 99 99 99 99 99 -2 99 99 99 -2 99 111 111 111 111 111 111 -2 111 111 111 -2 111 123 123 123 123 123 123 -2 123 123 123 -2 123 135 135 135 135 135 135 -2 135 135 135 -2 135 147 147 147 147 147 147 -2 147 147 147 -2 147 159 159 159 159 159 159 -2 159 159 159 -2 159 171 171 171 171 171 171 -2 171 171 171 -2 171 183 183 183 183 183 183 -2 183 183 183 -2 183 -1 -1 -1 -1 -1 -1 -1 -1 -1 -1 -1 -1 -1 -1 -1 -1 -1 -1 -1 -1 -1 -1 -1 -1 -1 -1 -1 -1 -1 -1 -1 -1 -1 -1 -1 -1 231 231 231 231 231 231 -2 231 231 231 -2 231 243 243 243 243 243 243 -2 243 243 243 -2 243 255 255 255 255 255 255 -2 255 255 255 -2 255 267 267 267 267 267 267 -2 267 267 267 -2 267 279 279 279 279 279 279 -2 279 279 279 -2 279 -1 -1 -1 -1 -1 -1 -1 -1 -1 -1 -1 -1 303 303 303 303 303 303 -2 303 303 303 -2 303 315 315 315 315 315 315 -2 315 315 315 -2 315 -1 -1 -1 -1 -1 -1 -1 -1 -1 -1 -1 -1 -1 -1 -1 -1 -1 -1 -1 -1 -1 -1 -1 -1 -1 -1 -1 -1 -1 -1 -1 -1 -1 -1 -1 -1 -1 -1 -1 -1 -1 -1 -1 -1 -1 -1 -1 -1 375 375 375 375 375 375 -2 375 375 375 -2 375 )
[calibration]
0.028686657584 0.021048913352 0.053081605918 -0.069756473742 -0.392787359373 0.916979893284
0.031818623514 0.015516806586 0.053794632147 -0.069756473742 -0.392787359373 0.916979893284
0.030296041028 0.018944610697 0.059080319707 -0.069756473742 -0.392787359373 0.916979893284
0.026069392607 0.024374740610 0.058392773876 -0.069756473742 -0.392787359373 0.916979893284
0.028142429328 0.022181219047 0.064425126392 -0.069756473742 -0.392787359373 0.916979893284
0.025827773013 0.025154886642 0.069663349533 -0.069756473742 -0.392787359373 0.916979893284
0.000000000000 0.000000000000 0.000000000000 0.000000000000 0.000000000000 0.000000000000
0.023874531043 0.026976035872 0.063703014892 -0.069756473742 -0.392787359373 0.916979893284
0.021464275410 0.028448129112 0.057823116150 -0.069756473742 -0.392787359373 0.916979893284
0.019205621106 0.029802082506 0.051937159765 -0.069756473742 -0.392787359373 0.916979893284
0.000000000000 0.000000000000 0.000000000000 0.000000000000 0.000000000000 0.000000000000
0.024262621949 0.025858105734 0.052400001160 -0.069756473742 -0.392787359373 0.916979893284
0.009480278552 0.034669153864 0.060713105114 -0.069756473750 -0.000000000002 0.997564050259
0.012717679283 0.033204012069 0.055340585106 -0.069756473750 -0.000000000002 0.997564050259
0.015608812569 0.032477668286 0.061242286010 -0.069756473750 -0.000000000002 0.997564050259
0.012154902061 0.034026287642 0.066596964482 -0.069756473750 -0.000000000002 0.997564050259
0.018114775771 0.031309055110 0.067083682601 -0.069756473750 -0.000000000002 0.997564050259
0.020458937464 0.030010548213 0.073041216612 -0.069756473750 -0.000000000002 0.997564050259
0.000000000000 0.000000000000 0.000000000000 0.000000000000 0.000000000000 0.000000000000
0.014701560188 0.033200332681 0.072456349653 -0.069756473750 -0.000000000002 0.997564050259
0.008647139403 0.035267474923 0.072104660228 -0.069756473750 -0.000000000002 0.997564050259
0.002276797107 0.036449506815 0.071438901324 -0.069756473750 -0.000000000002 0.997564050259
0.000000000000 0.000000000000 0.000000000000 0.000000000000 0.000000000000 0.000000000000
0.005927119698 0.035818943898 0.066141633371 -0.069756473750 -0.000000000002 0.997564050259
0.000087403849 0.035728263701 0.050401411967 -0.069756473751 0.392787359367 0.916979893286
0.006515430972 0.034887245590 0.050827415920 -0.069756473751 0.392787359367 0.916979893286
0.002896875346 0.035717127119 0.056086790357 -0.069756473751 0.392787359367 0.916979893286
-0.003528496756 0.035787846171 0.055910894405 -0.069756473751 0.392787359367 0.916979893286
-0.000720912671 0.036135813209 0.061646337148 -0.069756473751 0.392787359367 0.916979893286
-0.004181679130 0.036263888632 0.067050566601 -0.069756473751 0.392787359367 0.916979893286
0.000000000000 0.000000000000 0.000000000000 0.000000000000 0.000000000000 0.000000000000
-0.007074451489 0.035660901146 0.061147755135 -0.069756473751 0.392787359367 0.916979893286
-0.009931773296 0.034765624323 0.055282186786 -0.069756473751 0.392787359367 0.916979893286
-0.012528944318 0.033697378166 0.049650477046 -0.069756473751 0.392787359367 0.916979893286
0.000000000000 0.000000000000 0.000000000000 0.000000000000 0.000000000000 0.000000000000
-0.006369282467 0.035122990900 0.049865224515 -0.069756473751 0.392787359367 0.916979893286
-0.022217497248 0.029318816175 0.059036604688 -0.069756473745 0.731473108917 0.678292802042
-0.019202693332 0.030862589362 0.053560654328 -0.069756473745 0.731473108917 0.678292802042
-0.016673372610 0.032750620917 0.059395417934 -0.069756473745 0.731473108917 0.678292802042
-0.019749057061 0.031275085417 0.064757517697 -0.069756473745 0.731473108917 0.678292802042
-0.014001703648 0.034326658703 0.065094254427 -0.069756473745 0.731473108917 0.678292802042
-0.011014976379 0.035322503101 0.070884046074 -0.069756473745 0.731473108917 0.678292802042
0.000000000000 0.000000000000 0.000000000000 0.000000000000 0.000000000000 0.000000000000
-0.017260590878 0.032966716334 0.070606190683 -0.069756473745 0.731473108917 0.678292802042
-0.022821938618 0.029682242891 0.070330492743 -0.069756473745 0.731473108917 0.678292802042
-0.027728462799 0.025704280743 0.070181538460 -0.069756473745 0.731473108917 0.678292802042
0.000000000000 0.000000000000 0.000000000000 0.000000000000 0.000000000000 0.000000000000
-0.025059357927 0.027562281682 0.064550328836 -0.069756473745 0.731473108917 0.678292802042
-0.026429782168 0.028396641668 0.083752100461 -0.069756473740 0.751086405151 0.656508374942
-0.028340319368 0.025913324080 0.078220275284 -0.069756473740 0.751086405151 0.656508374942
-0.023378370495 0.029984925802 0.078033611914 -0.069756473740 0.751086405151 0.656508374942
-0.021001100888 0.031935036775 0.083837774703 -0.069756473740 0.751086405151 0.656508374942
-0.017787764889 0.033272565951 0.078299900236 -0.069756473740 0.751086405151 0.656508374942
-0.011662010689 0.035751525521 0.078830059788 -0.069756473740 0.751086405151 0.656508374942
0.000000000000 0.000000000000 0.000000000000 0.000000000000 0.000000000000 0.000000000000
-0.015143116802 0.035017576948 0.084224294588 -0.069756473740 0.751086405151 0.656508374942
-0.018402582610 0.033748891489 0.089717321536 -0.069756473740 0.751086405151 0.656508374942
-0.021652802431 0.032366492653 0.095204508658 -0.069756473740 0.751086405151 0.656508374942
0.000000000000 0.000000000000 0.000000000000 0.000000000000 0.000000000000 0.000000000000
-0.024067230909 0.030492774871 0.089539714278 -0.069756473740 0.751086405151 0.656508374942
-0.035000511102 0.018291550505 0.087495052117 -0.069756473752 0.961426447239 0.266069954935
-0.032905264682 0.020657581596 0.081757316268 -0.069756473752 0.961426447239 0.266069954935
-0.031440942157 0.023630502296 0.087559056771 -0.069756473752 0.961426447239 0.266069954935
-0.033604257781 0.021157800882 0.093202888015 -0.069756473752 0.961426447239 0.266069954935
-0.029564672087 0.026211464683 0.093367440967 -0.069756473752 0.961426447239 0.266069954935
-0.027531923475 0.028785596724 0.099205082847 -0.069756473752 0.961426447239 0.266069954935
0.000000000000 0.000000000000 0.000000000000 0.000000000000 0.000000000000 0.000000000000
-0.031994867161 0.023949886987 0.098884552491 -0.069756473752 0.961426447239 0.266069954935
-0.035827688096 0.018567236702 0.098829958983 -0.069756473752 0.961426447239 0.266069954935
-0.038606353219 0.012864587853 0.098757504925 -0.069756473752 0.961426447239 0.266069954935
0.000000000000 0.000000000000 0.000000000000 0.000000000000 0.000000000000 0.000000000000
-0.036984309265 0.015604970336 0.093179317261 -0.069756473752 0.961426447239 0.266069954935
-0.038235449057 0.016309283412 0.112265920927 -0.069756473753 0.972868805277 0.220590847701
-0.038969506331 0.012903396318 0.106678804484 -0.069756473753 0.972868805277 0.220590847701
-0.036072539238 0.018844869053 0.106580204649 -0.069756473753 0.972868805277 0.220590847701
-0.034822552138 0.021816261887 0.112349755001 -0.069756473753 0.972868805277 0.220590847701
-0.032462072981 0.024096083557 0.106587173726 -0.069756473753 0.972868805277 0.220590847701
-0.027965372688 0.028855536163 0.106839711152 -0.069756473753 0.972868805277 0.220590847701
0.000000000000 0.000000000000 0.000000000000 0.000000000000 0.000000000000 0.000000000000
-0.030847120223 0.026956804310 0.112565086935 -0.069756473753 0.972868805277 0.220590847701
-0.033248442672 0.024742041228 0.118172249084 -0.069756473753 0.972868805277 0.220590847701
-0.035456821012 0.022222509681 0.123606769954 -0.069756473753 0.972868805277 0.220590847701
0.000000000000 0.000000000000 0.000000000000 0.000000000000 0.000000000000 0.000000000000
-0.036927225476 0.019198107838 0.117829203210 -0.069756473753 0.972868805277 0.220590847701
-0.026196257735 0.031837054648 0.127863658211 -0.069756473747 0.790928419754 0.607919623960
-0.031209895733 0.027370678707 0.127721808859 -0.069756473747 0.790928419754 0.607919623960
-0.028578280934 0.029624203138 0.122276825170 -0.069756473747 0.790928419754 0.607919623960
-0.023279197218 0.033327999548 0.122513113322 -0.069756473747 0.790928419754 0.607919623960
-0.025703184367 0.031516070826 0.116786963101 -0.069756473747 0.790928419754 0.607919623960
-0.022624244075 0.033018363392 0.111246231511 -0.069756473747 0.790928419754 0.607919623960
0.000000000000 0.000000000000 0.000000000000 0.000000000000 0.000000000000 0.000000000000
-0.020171144549 0.034857585084 0.116967631557 -0.069756473747 0.790928419754 0.607919623960
-0.017540578961 0.036405813852 0.122858738390 -0.069756473747 0.790928419754 0.607919623960
-0.014757036181 0.037573209651 0.128547534785 -0.069756473747 0.790928419754 0.607919623960
0.000000000000 0.000000000000 0.000000000000 0.000000000000 0.000000000000 0.000000000000
-0.020722938943 0.035171089110 0.128271001340 -0.069756473747 0.790928419754 0.607919623960
-0.013493142356 0.037239651822 0.113197221660 -0.069756473750 -0.000000000003 0.997564050259
-0.016186057122 0.035834277625 0.107244144233 -0.069756473750 -0.000000000003 0.997564050259
-0.009859584321 0.037705133098 0.107685088338 -0.069756473750 -0.000000000003 0.997564050259
-0.007044819031 0.038377256369 0.113565405039 -0.069756473750 -0.000000000003 0.997564050259
-0.003512518006 0.038464642853 0.107977543861 -0.069756473750 -0.000000000003 0.997564050259
0.003061074896 0.038206563298 0.108398263063 -0.069756473750 -0.000000000003 0.997564050259
0.000000000000 0.000000000000 0.000000000000 0.000000000000 0.000000000000 0.000000000000
-0.000762660833 0.038849271382 0.113865661774 -0.069756473750 -0.000000000003 0.997564050259
-0.004223360748 0.039005078948 0.119276278696 -0.069756473750 -0.000000000003 0.997564050259
-0.007728693477 0.038901770691 0.124668058286 -0.069756473750 -0.000000000003 0.997564050259
0.000000000000 0.000000000000 0.000000000000 0.000000000000 0.000000000000 0.000000000000
-0.010632464917 0.038286874445 0.118952445249 -0.069756473750 -0.000000000003 0.997564050259
0.005085307906 0.038735605087 0.129518777250 -0.069756473750 0.418602958594 0.905486387212
-0.001246686224 0.039423267060 0.129144855174 -0.069756473750 0.418602958594 0.905486387212
0.002375074347 0.039094541569 0.123682576250 -0.069756473750 0.418602958594 0.905486387212
0.008654539465 0.037834625248 0.124250036255 -0.069756473750 0.418602958594 0.905486387212
0.005998684586 0.038377960200 0.118292201858 -0.069756473750 0.418602958594 0.905486387212
0.009321931188 0.037207100625 0.112973363518 -0.069756473750 0.418602958594 0.905486387212
0.000000000000 0.000000000000 0.000000000000 0.000000000000 0.000000000000 0.000000000000
0.012089819360 0.036572950522 0.118851909784 -0.069756473750 0.418602958594 0.905486387212
0.014781291085 0.035645030180 0.124686117020 -0.069756473750 0.418602958594 0.905486387212
0.017375603530 0.034681500877 0.130426098129 -0.069756473750 0.418602958594 0.905486387212
0.000000000000 0.000000000000 0.000000000000 0.000000000000 0.000000000000 0.000000000000
0.011427094332 0.037256011982 0.130110539996 -0.069756473750 0.418602958594 0.905486387212
0.026113991185 0.027962930655 0.121647927514 -0.069756473747 0.432795716776 0.898789130948
0.023401838633 0.030465032387 0.126972892347 -0.069756473747 0.432795716776 0.898789130948
0.021135324673 0.032066589723 0.121119688508 -0.069756473747 0.432795716776 0.898789130948
0.023954293456 0.029589716465 0.115840840110 -0.069756473747 0.432795716776 0.898789130948
0.018785213493 0.033454685760 0.115278659246 -0.069756473747 0.432795716776 0.898789130948
0.016261282762 0.034601978494 0.109454164337 -0.069756473747 0.432795716776 0.898789130948
0.000000000000 0.000000000000 0.000000000000 0.000000000000 0.000000000000 0.000000000000
0.021720027635 0.031013040095 0.109911579873 -0.069756473747 0.432795716776 0.898789130948
0.026465756296 0.026739300760 0.110475516840 -0.069756473747 0.432795716776 0.898789130948
0.030607493367 0.021691412131 0.111090128809 -0.069756473747 0.432795716776 0.898789130948
0.000000000000 0.000000000000 0.000000000000 0.000000000000 0.000000000000 0.000000000000
0.028557085035 0.025076049504 0.116469516174 -0.069756473747 0.432795716776 0.898789130948
0.029457302262 0.023116350004 0.097471024736 -0.069756473750 -0.000000000003 0.997564050259
0.031084478059 0.020929719624 0.103392697623 -0.069756473750 -0.000000000003 0.997564050259
0.027031302414 0.026003657132 0.102754612748 -0.069756473750 -0.000000000003 0.997564050259
0.024813117128 0.027748301792 0.096764482238 -0.069756473750 -0.000000000003 0.997564050259
0.021991796869 0.030388777369 0.102087992522 -0.069756473750 -0.000000000003 0.997564050259
0.016606180293 0.033848713724 0.101591655531 -0.069756473750 -0.000000000003 0.997564050259
0.000000000000 0.000000000000 0.000000000000 0.000000000000 0.000000000000 0.000000000000
0.019914277293 0.031803262654 0.096203979164 -0.069756473750 -0.000000000003 0.997564050259
0.022684980566 0.029405924632 0.090838144179 -0.069756473750 -0.000000000003 0.997564050259
0.025347004559 0.026732886604 0.085511128220 -0.069756473750 -0.000000000003 0.997564050259
0.000000000000 0.000000000000 0.000000000000 0.000000000000 0.000000000000 0.000000000000
0.027400631794 0.024899060653 0.091519457824 -0.069756473750 -0.000000000003 0.997564050259
0.004772396331 0.037089625914 0.085231992421 -0.069756473745 -0.432795716784 0.898789130945
0.001978496783 0.037054082816 0.079447832383 -0.069756473745 -0.432795716784 0.898789130945
0.008297112775 0.035895857372 0.079885951714 -0.069756473745 -0.432795716784 0.898789130945
0.011018436677 0.035305549944 0.085731562538 -0.069756473745 -0.432795716784 0.898789130945
0.014382584942 0.033842809186 0.080414047903 -0.069756473745 -0.432795716784 0.898789130945
0.019953926652 0.030614540217 0.080797692109 -0.069756473745 -0.432795716784 0.898789130945
0.000000000000 0.000000000000 0.000000000000 0.000000000000 0.000000000000 0.000000000000
0.017081161474 0.032971465010 0.086130394746 -0.069756473745 -0.432795716784 0.898789130945
0.013756748387 0.034629139429 0.091661739818 -0.069756473745 -0.432795716784 0.898789130945
0.010316073073 0.036038934263 0.096917582240 -0.069756473745 -0.432795716784 0.898789130945
0.000000000000 0.000000000000 0.000000000000 0.000000000000 0.000000000000 0.000000000000
0.007562010403 0.036766929261 0.091327288636 -0.069756473745 -0.432795716784 0.898789130945
-0.008610978604 0.036877336994 0.088533287011 -0.069756473742 -0.418602958592 0.905486387213
-0.005136563704 0.037056779866 0.083007318569 -0.069756473742 -0.418602958592 0.905486387213
-0.002199268939 0.037777291935 0.088941718857 -0.069756473742 -0.418602958592 0.905486387213
-0.005797966975 0.037555953375 0.094414411490 -0.069756473742 -0.418602958592 0.905486387213
0.000549657955 0.037991165217 0.094689613888 -0.069756473742 -0.418602958592 0.905486387213
0.003383834782 0.037788485089 0.100466897204 -0.069756473742 -0.418602958592 0.905486387213
0.000000000000 0.000000000000 0.000000000000 0.000000000000 0.000000000000 0.000000000000
-0.002954928999 0.038006653364 0.100246096470 -0.069756473742 -0.418602958592 0.905486387213
-0.009394821737 0.037179613146 0.099749645215 -0.069756473742 -0.418602958592 0.905486387213
-0.015608583555 0.035490731033 0.099467929744 -0.069756473742 -0.418602958592 0.905486387213
0.000000000000 0.000000000000 0.000000000000 0.000000000000 0.000000000000 0.000000000000
-0.012273482007 0.036229958724 0.093942752854 -0.069756473742 -0.418602958592 0.905486387213
0.035445411964 0.010696679039 0.094942928921 -0.069756473741 -0.751086405149 0.656508374944
0.033829313894 0.014387608571 0.100244467435 -0.069756473741 -0.751086405149 0.656508374944
0.032549680308 0.016720016244 0.094326847210 -0.069756473741 -0.751086405149 0.656508374944
0.034051640096 0.013226929273 0.089160180166 -0.069756473741 -0.751086405149 0.656508374944
0.031761968850 0.019221641947 0.088190920665 -0.069756473741 -0.751086405149 0.656508374944
0.029857991218 0.021222609638 0.082297136432 -0.069756473741 -0.751086405149 0.656508374944
0.000000000000 0.000000000000 0.000000000000 0.000000000000 0.000000000000 0.000000000000
0.033211384160 0.015724599503 0.082892377508 -0.069756473741 -0.751086405149 0.656508374944
0.035386743182 0.009522857481 0.083677205566 -0.069756473741 -0.751086405149 0.656508374944
0.036625167907 0.003231872275 0.084546201769 -0.069756473741 -0.751086405149 0.656508374944
0.000000000000 0.000000000000 0.000000000000 0.000000000000 0.000000000000 0.000000000000
0.036234759337 0.007017848927 0.089552385903 -0.069756473741 -0.751086405149 0.656508374944
0.036230077665 0.005034847517 0.070550138843 -0.069756473738 -0.731473108926 0.678292802033
0.036422158443 0.002415431777 0.076585904981 -0.069756473738 -0.731473108926 0.678292802033
0.035446121944 0.008955644624 0.075853890271 -0.069756473738 -0.731473108926 0.678292802033
0.034604454840 0.011090533974 0.069903132859 -0.069756473738 -0.731473108926 0.678292802033
0.033491082659 0.014810458845 0.075128706058 -0.069756473738 -0.731473108926 0.678292802033
0.030238111212 0.020533082112 0.074440963737 -0.069756473738 -0.731473108926 0.678292802033
0.000000000000 0.000000000000 0.000000000000 0.000000000000 0.000000000000 0.000000000000
0.032067447647 0.017090378825 0.069077491204 -0.069756473738 -0.731473108926 0.678292802033
0.033421983161 0.013560920529 0.063870437032 -0.069756473738 -0.731473108926 0.678292802033
0.034523378869 0.010188721361 0.058786882027 -0.069756473738 -0.731473108926 0.678292802033
0.000000000000 0.000000000000 0.000000000000 0.000000000000 0.000000000000 0.000000000000
0.035503265294 0.007509453353 0.064712766826 -0.069756473738 -0.731473108926 0.678292802033
0.000000000000 0.000000000000 0.000000000000 0.000000000000 0.000000000000 0.000000000000
0.000000000000 0.000000000000 0.000000000000 0.000000000000 0.000000000000 0.000000000000
0.000000000000 0.000000000000 0.000000000000 0.000000000000 0.000000000000 0.000000000000
0.000000000000 0.000000000000 0.000000000000 0.000000000000 0.000000000000 0.000000000000
0.000000000000 0.000000000000 0.000000000000 0.000000000000 0.000000000000 0.000000000000
0.000000000000 0.000000000000 0.000000000000 0.000000000000 0.000000000000 0.000000000000
0.000000000000 0.000000000000 0.000000000000 0.000000000000 0.000000000000 0.000000000000
0.000000000000 0.000000000000 0.000000000000 0.000000000000 0.000000000000 0.000000000000
0.000000000000 0.000000000000 0.000000000000 0.000000000000 0.000000000000 0.000000000000
0.000000000000 0.000000000000 0.000000000000 0.000000000000 0.000000000000 0.000000000000
0.000000000000 0.000000000000 0.000000000000 0.000000000000 0.000000000000 0.000000000000
0.000000000000 0.000000000000 0.000000000000 0.000000000000 0.000000000000 0.000000000000
0.000000000000 0.000000000000 0.000000000000 0.000000000000 0.000000000000 0.000000000000
0.000000000000 0.000000000000 0.000000000000 0.000000000000 0.000000000000 0.000000000000
0.000000000000 0.000000000000 0.000000000000 0.000000000000 0.000000000000 0.000000000000
0.000000000000 0.000000000000 0.000000000000 0.000000000000 0.000000000000 0.000000000000
0.000000000000 0.000000000000 0.000000000000 0.000000000000 0.000000000000 0.000000000000
0.000000000000 0.000000000000 0.000000000000 0.000000000000 0.000000000000 0.000000000000
0.000000000000 0.000000000000 0.000000000000 0.000000000000 0.000000000000 0.000000000000
0.000000000000 0.000000000000 0.000000000000 0.000000000000 0.000000000000 0.000000000000
0.000000000000 0.000000000000 0.000000000000 0.000000000000 0.000000000000 0.000000000000
0.000000000000 0.000000000000 0.000000000000 0.000000000000 0.000000000000 0.000000000000
0.000000000000 0.000000000000 0.000000000000 0.000000000000 0.000000000000 0.000000000000
0.000000000000 0.000000000000 0.000000000000 0.000000000000 0.000000000000 0.000000000000
0.000000000000 0.000000000000 0.000000000000 0.000000000000 0.000000000000 0.000000000000
0.000000000000 0.000000000000 0.000000000000 0.000000000000 0.000000000000 0.000000000000
0.000000000000 0.000000000000 0.000000000000 0.000000000000 0.000000000000 0.000000000000
0.000000000000 0.000000000000 0.000000000000 0.000000000000 0.000000000000 0.000000000000
0.000000000000 0.000000000000 0.000000000000 0.000000000000 0.000000000000 0.000000000000
0.000000000000 0.000000000000 0.000000000000 0.000000000000 0.000000000000 0.000000000000
0.000000000000 0.000000000000 0.000000000000 0.000000000000 0.000000000000 0.000000000000
0.000000000000 0.000000000000 0.000000000000 0.000000000000 0.000000000000 0.000000000000
0.000000000000 0.000000000000 0.000000000000 0.000000000000 0.000000000000 0.000000000000
0.000000000000 0.000000000000 0.000000000000 0.000000000000 0.000000000000 0.000000000000
0.000000000000 0.000000000000 0.000000000000 0.000000000000 0.000000000000 0.000000000000
0.000000000000 0.000000000000 0.000000000000 0.000000000000 0.000000000000 0.000000000000
-0.013792189591 -0.032281324081 0.042160325071 -0.069756473747 0.265583356361 -0.961560978407
-0.019014903475 -0.030318046171 0.045765569232 -0.069756473747 0.265583356361 -0.961560978407
-0.013867189064 -0.033278792853 0.048743005356 -0.069756473747 0.265583356361 -0.961560978407
-0.008527566624 -0.034347973449 0.045333255834 -0.069756473747 0.265583356361 -0.961560978407
-0.008396912794 -0.035177715567 0.051842197142 -0.069756473747 0.265583356361 -0.961560978407
-0.002963424046 -0.036356666264 0.054992762684 -0.069756473747 0.265583356361 -0.961560978407
0.000000000000 0.000000000000 0.000000000000 0.000000000000 0.000000000000 0.000000000000
-0.002940391785 -0.035804796372 0.048398016388 -0.069756473747 0.265583356361 -0.961560978407
-0.002778671504 -0.034899865571 0.042061207899 -0.069756473747 0.265583356361 -0.961560978407
-0.002750277068 -0.034019001451 0.035573623836 -0.069756473747 0.265583356361 -0.961560978407
0.000000000000 0.000000000000 0.000000000000 0.000000000000 0.000000000000 0.000000000000
-0.008316286757 -0.033355946941 0.038937895689 -0.069756473747 0.265583356361 -0.961560978407
0.010675569446 -0.032743102818 0.039153283763 -0.069756473745 -0.249266852384 -0.965919287867
0.005261181946 -0.033818709031 0.035574756305 -0.069756473745 -0.249266852384 -0.965919287867
0.005169981268 -0.034590132622 0.042085583797 -0.069756473745 -0.249266852384 -0.965919287867
0.010369913165 -0.033383565046 0.045544174696 -0.069756473745 -0.249266852384 -0.965919287867
0.004897050276 -0.035403929310 0.048625171769 -0.069756473745 -0.249266852384 -0.965919287867
0.004902502915 -0.035996557315 0.055040746054 -0.069756473745 -0.249266852384 -0.965919287867
0.000000000000 0.000000000000 0.000000000000 0.000000000000 0.000000000000 0.000000000000
0.010393086455 -0.034182706265 0.051959868299 -0.069756473745 -0.249266852384 -0.965919287867
0.015704463056 -0.031568535405 0.049168395755 -0.069756473745 -0.249266852384 -0.965919287867
0.020688261510 -0.028340500633 0.046432320761 -0.069756473745 -0.249266852384 -0.965919287867
0.000000000000 0.000000000000 0.000000000000 0.000000000000 0.000000000000 0.000000000000
0.015845503605 -0.030967537869 0.042699683735 -0.069756473745 -0.249266852384 -0.965919287867
0.014152216226 -0.033505894092 0.058901697745 -0.069756473746 0.861569427546 -0.502824179897
0.008884447556 -0.035873528165 0.062136856484 -0.069756473746 0.861569427546 -0.502824179897
0.014401543201 -0.034151576103 0.065397817924 -0.069756473746 0.861569427546 -0.502824179897
0.019183419322 -0.031018749183 0.062613602899 -0.069756473746 0.861569427546 -0.502824179897
0.018936596315 -0.031816196264 0.069167584900 -0.069756473746 0.861569427546 -0.502824179897
0.023368305401 -0.028609893790 0.072693491918 -0.069756473746 0.861569427546 -0.502824179897
0.000000000000 0.000000000000 0.000000000000 0.000000000000 0.000000000000 0.000000000000
0.023432694866 -0.028051562001 0.066237014867 -0.069756473746 0.861569427546 -0.502824179897
0.023587310136 -0.027314544722 0.059863032494 -0.069756473746 0.861569427546 -0.502824179897
0.023570253082 -0.026607732964 0.053252544695 -0.069756473746 0.861569427546 -0.502824179897
0.000000000000 0.000000000000 0.000000000000 0.000000000000 0.000000000000 0.000000000000
0.019079553826 -0.030377419864 0.056225284686 -0.069756473746 0.861569427546 -0.502824179897
-0.023072255979 -0.031496208666 0.065438006506 -0.069756473741 -0.861569427550 -0.502824179890
-0.023051573788 -0.032257884206 0.072060206434 -0.069756473741 -0.861569427550 -0.502824179890
-0.018029237231 -0.034541286125 0.068577488872 -0.069756473741 -0.861569427550 -0.502824179890
-0.017928310859 -0.033581901291 0.061961914963 -0.069756473741 -0.861569427550 -0.502824179890
-0.012749239706 -0.036093679441 0.065101211400 -0.069756473741 -0.861569427550 -0.502824179890
-0.007151498060 -0.036859043905 0.061775265077 -0.069756473741 -0.861569427550 -0.502824179890
0.000000000000 0.000000000000 0.000000000000 0.000000000000 0.000000000000 0.000000000000
-0.012589741812 -0.035280177868 0.058512310743 -0.069756473741 -0.861569427550 -0.502824179890
-0.017756301077 -0.032625421428 0.055598133713 -0.069756473741 -0.861569427550 -0.502824179890
-0.022537056594 -0.029393452231 0.052752532861 -0.069756473741 -0.861569427550 -0.502824179890
0.000000000000 0.000000000000 0.000000000000 0.000000000000 0.000000000000 0.000000000000
-0.022808904101 -0.030452353867 0.059134584152 -0.069756473741 -0.861569427550 -0.502824179890
-0.032973767917 -0.023016791320 0.069880330283 -0.069756473741 -0.497315826510 -0.864760662307
-0.029440612421 -0.027508485047 0.072685624961 -0.069756473741 -0.497315826510 -0.864760662307
-0.029111062184 -0.026495933523 0.066240789654 -0.069756473741 -0.497315826510 -0.864760662307
-0.032272760196 -0.021662068818 0.063470775570 -0.069756473741 -0.497315826510 -0.864760662307
-0.028731294809 -0.025378474523 0.059927142206 -0.069756473741 -0.497315826510 -0.864760662307
-0.028298016194 -0.024265535009 0.053382717665 -0.069756473741 -0.497315826510 -0.864760662307
0.000000000000 0.000000000000 0.000000000000 0.000000000000 0.000000000000 0.000000000000
-0.031835849002 -0.020242860637 0.057155746660 -0.069756473741 -0.497315826510 -0.864760662307
-0.035311881987 -0.016042988293 0.060321033785 -0.069756473741 -0.497315826510 -0.864760662307
-0.037792576574 -0.011054013929 0.064488581682 -0.069756473741 -0.497315826510 -0.864760662307
0.000000000000 0.000000000000 0.000000000000 0.000000000000 0.000000000000 0.000000000000
-0.035843817682 -0.017162454672 0.066748210689 -0.069756473741 -0.497315826510 -0.864760662307
0.000000000000 0.000000000000 0.000000000000 0.000000000000 0.000000000000 0.000000000000
0.000000000000 0.000000000000 0.000000000000 0.000000000000 0.000000000000 0.000000000000
0.000000000000 0.000000000000 0.000000000000 0.000000000000 0.000000000000 0.000000000000
0.000000000000 0.000000000000 0.000000000000 0.000000000000 0.000000000000 0.000000000000
0.000000000000 0.000000000000 0.000000000000 0.000000000000 0.000000000000 0.000000000000
0.000000000000 0.000000000000 0.000000000000 0.000000000000 0.000000000000 0.000000000000
0.000000000000 0.000000000000 0.000000000000 0.000000000000 0.000000000000 0.000000000000
0.000000000000 0.000000000000 0.000000000000 0.000000000000 0.000000000000 0.000000000000
0.000000000000 0.000000000000 0.000000000000 0.000000000000 0.000000000000 0.000000000000
0.000000000000 0.000000000000 0.000000000000 0.000000000000 0.000000000000 0.000000000000
0.000000000000 0.000000000000 0.000000000000 0.000000000000 0.000000000000 0.000000000000
0.000000000000 0.000000000000 0.000000000000 0.000000000000 0.000000000000 0.000000000000
-0.014390032690 -0.036869071161 0.075135187022 -0.069756473753 0.249266852380 -0.965919287867
-0.019706020811 -0.035294749622 0.078646219775 -0.069756473753 0.249266852380 -0.965919287867
-0.014444310794 -0.037793470519 0.081727931671 -0.069756473753 0.249266852380 -0.965919287867
-0.009061531136 -0.038562832979 0.078301634552 -0.069756473753 0.249266852380 -0.965919287867
-0.009125524184 -0.039578696126 0.084726798142 -0.069756473753 0.249266852380 -0.965919287867
-0.003650116880 -0.040470291683 0.087908199291 -0.069756473753 0.249266852380 -0.965919287867
0.000000000000 0.000000000000 0.000000000000 0.000000000000 0.000000000000 0.000000000000
-0.003571024043 -0.039706699336 0.081614839253 -0.069756473753 0.249266852380 -0.965919287867
-0.003455386701 -0.038890492600 0.075071313005 -0.069756473753 0.249266852380 -0.965919287867
-0.003128704168 -0.038009155870 0.068656659785 -0.069756473753 0.249266852380 -0.965919287867
0.000000000000 0.000000000000 0.000000000000 0.000000000000 0.000000000000 0.000000000000
-0.008838910894 -0.037736282716 0.071938101493 -0.069756473753 0.249266852380 -0.965919287867
0.010339601643 -0.036224784296 0.072261671040 -0.069756473738 -0.265583356359 -0.961560978408
0.004828598316 -0.037458249083 0.069056879264 -0.069756473738 -0.265583356359 -0.961560978408
0.004794003452 -0.038232589717 0.075309942526 -0.069756473738 -0.265583356359 -0.961560978408
0.010119880137 -0.037034196394 0.078841912501 -0.069756473738 -0.265583356359 -0.961560978408
0.004874348638 -0.038998417479 0.081910459872 -0.069756473738 -0.265583356359 -0.961560978408
0.004579239460 -0.039688244624 0.088160351312 -0.069756473738 -0.265583356359 -0.961560978408
0.000000000000 0.000000000000 0.000000000000 0.000000000000 0.000000000000 0.000000000000
0.009939605054 -0.037783247198 0.085212717114 -0.069756473738 -0.265583356359 -0.961560978408
0.015399000941 -0.035029781433 0.082433705946 -0.069756473738 -0.265583356359 -0.961560978408
0.020285504073 -0.031883819638 0.079415305374 -0.069756473738 -0.265583356359 -0.961560978408
0.000000000000 0.000000000000 0.000000000000 0.000000000000 0.000000000000 0.000000000000
0.015523996727 -0.034391525174 0.075858201379 -0.069756473738 -0.265583356359 -0.961560978408
0.000000000000 0.000000000000 0.000000000000 0.000000000000 0.000000000000 0.000000000000
0.000000000000 0.000000000000 0.000000000000 0.000000000000 0.000000000000 0.000000000000
0.000000000000 0.000000000000 0.000000000000 0.000000000000 0.000000000000 0.000000000000
0.000000000000 0.000000000000 0.000000000000 0.000000000000 0.000000000000 0.000000000000
0.000000000000 0.000000000000 0.000000000000 0.000000000000 0.000000000000 0.000000000000
0.000000000000 0.000000000000 0.000000000000 0.000000000000 0.000000000000 0.000000000000
0.000000000000 0.000000000000 0.000000000000 0.000000000000 0.000000000000 0.000000000000
0.000000000000 0.000000000000 0.000000000000 0.000000000000 0.000000000000 0.000000000000
0.000000000000 0.000000000000 0.000000000000 0.000000000000 0.000000000000 0.000000000000
0.000000000000 0.000000000000 0.000000000000 0.000000000000 0.000000000000 0.000000000000
0.000000000000 0.000000000000 0.000000000000 0.000000000000 0.000000000000 0.000000000000
0.000000000000 0.000000000000 0.000000000000 0.000000000000 0.000000000000 0.000000000000
0.000000000000 0.000000000000 0.000000000000 0.000000000000 0.000000000000 0.000000000000
0.000000000000 0.000000000000 0.000000000000 0.000000000000 0.000000000000 0.000000000000
0.000000000000 0.000000000000 0.000000000000 0.000000000000 0.000000000000 0.000000000000
0.000000000000 0.000000000000 0.000000000000 0.000000000000 0.000000000000 0.000000000000
0.000000000000 0.000000000000 0.000000000000 0.000000000000 0.000000000000 0.000000000000
0.000000000000 0.000000000000 0.000000000000 0.000000000000 0.000000000000 0.000000000000
0.000000000000 0.000000000000 0.000000000000 0.000000000000 0.000000000000 0.000000000000
0.000000000000 0.000000000000 0.000000000000 0.000000000000 0.000000000000 0.000000000000
0.000000000000 0.000000000000 0.000000000000 0.000000000000 0.000000000000 0.000000000000
0.000000000000 0.000000000000 0.000000000000 0.000000000000 0.000000000000 0.000000000000
0.000000000000 0.000000000000 0.000000000000 0.000000000000 0.000000000000 0.000000000000
0.000000000000 0.000000000000 0.000000000000 0.000000000000 0.000000000000 0.000000000000
0.000000000000 0.000000000000 0.000000000000 0.000000000000 0.000000000000 0.000000000000
0.000000000000 0.000000000000 0.000000000000 0.000000000000 0.000000000000 0.000000000000
0.000000000000 0.000000000000 0.000000000000 0.000000000000 0.000000000000 0.000000000000
0.000000000000 0.000000000000 0.000000000000 0.000000000000 0.000000000000 0.000000000000
0.000000000000 0.000000000000 0.000000000000 0.000000000000 0.000000000000 0.000000000000
0.000000000000 0.000000000000 0.000000000000 0.000000000000 0.000000000000 0.000000000000
0.000000000000 0.000000000000 0.000000000000 0.000000000000 0.000000000000 0.000000000000
0.000000000000 0.000000000000 0.000000000000 0.000000000000 0.000000000000 0.000000000000
0.000000000000 0.000000000000 0.000000000000 0.000000000000 0.000000000000 0.000000000000
0.000000000000 0.000000000000 0.000000000000 0.000000000000 0.000000000000 0.000000000000
0.000000000000 0.000000000000 0.000000000000 0.000000000000 0.000000000000 0.000000000000
0.000000000000 0.000000000000 0.000000000000 0.000000000000 0.000000000000 0.000000000000
0.000000000000 0.000000000000 0.000000000000 0.000000000000 0.000000000000 0.000000000000
0.000000000000 0.000000000000 0.000000000000 0.000000000000 0.000000000000 0.000000000000
0.000000000000 0.000000000000 0.000000000000 0.000000000000 0.000000000000 0.000000000000
0.000000000000 0.000000000000 0.000000000000 0.000000000000 0.000000000000 0.000000000000
0.000000000000 0.000000000000 0.000000000000 0.000000000000 0.000000000000 0.000000000000
0.000000000000 0.000000000000 0.000000000000 0.000000000000 0.000000000000 0.000000000000
0.000000000000 0.000000000000 0.000000000000 0.000000000000 0.000000000000 0.000000000000
0.000000000000 0.000000000000 0.000000000000 0.000000000000 0.000000000000 0.000000000000
0.000000000000 0.000000000000 0.000000000000 0.000000000000 0.000000000000 0.000000000000
0.000000000000 0.000000000000 0.000000000000 0.000000000000 0.000000000000 0.000000000000
0.000000000000 0.000000000000 0.000000000000 0.000000000000 0.000000000000 0.000000000000
0.000000000000 0.000000000000 0.000000000000 0.000000000000 0.000000000000 0.000000000000
0.031697610066 -0.016154234657 0.057790680306 -0.069756473753 0.497315826509 -0.864760662307
0.028796807171 -0.020754894370 0.054067294802 -0.069756473753 0.497315826509 -0.864760662307
0.028833114264 -0.021460146733 0.060600325184 -0.069756473753 0.497315826509 -0.864760662307
0.031631839438 -0.016979184356 0.064256325384 -0.069756473753 0.497315826509 -0.864760662307
0.028868161693 -0.022068675254 0.066981466999 -0.069756473753 0.497315826509 -0.864760662307
0.028772977620 -0.022617290755 0.073532699046 -0.069756473753 0.497315826509 -0.864760662307
0.000000000000 0.000000000000 0.000000000000 0.000000000000 0.000000000000 0.000000000000
0.031614593523 -0.017493558497 0.070709208253 -0.069756473753 0.497315826509 -0.864760662307
0.033927808962 -0.012075137973 0.067933354411 -0.069756473753 0.497315826509 -0.864760662307
0.035309203699 -0.006212721018 0.065358976393 -0.069756473753 0.497315826509 -0.864760662307
0.000000000000 0.000000000000 0.000000000000 0.000000000000 0.000000000000 0.000000000000
0.033995742482 -0.011537540966 0.061486157360 -0.069756473753 0.497315826509 -0.864760662307
